700
0 69
0 71
7 71
7 86
22 86
22 76
23 76
23 70
9 70
9 68
32 68
32 63
67 63
67 72
62 72
62 87
54 87
54 88
64 88
64 93
65 93
65 96
1 96
1 98
8 98
8 102
18 102
18 104
35 104
35 106
36 106
36 115
2 115
2 122
16 122
16 119
13 119
13 116
42 116
42 120
19 120
19 129
30 129
30 130
28 130
28 133
31 133
31 165
29 165
29 173
33 173
33 145
38 145
38 206
37 206
37 229
25 229
25 227
24 227
24 180
21 180
21 192
20 192
20 185
17 185
17 231
14 231
14 223
6 223
6 230
3 230
3 256
4 256
4 259
11 259
11 251
86 251
86 255
73 255
73 261
10 261
10 263
12 263
12 262
78 262
78 260
91 260
91 258
113 258
113 254
106 254
106 250
80 250
80 249
104 249
104 242
112 242
112 233
71 233
71 234
66 234
66 209
79 209
79 177
87 177
87 174
93 174
93 178
132 178
132 266
130 266
130 267
125 267
125 294
128 294
128 297
129 297
129 303
138 303
138 286
141 286
141 287
142 287
142 279
143 279
143 272
134 272
134 196
137 196
137 195
146 195
146 191
149 191
149 285
148 285
148 292
161 292
161 349
166 349
166 346
162 346
162 330
176 330
176 316
187 316
187 315
213 315
213 336
216 336
216 319
217 319
217 333
223 333
223 322
231 322
231 335
219 335
219 337
222 337
222 341
229 341
229 338
233 338
233 321
250 321
250 324
246 324
246 326
258 326
258 328
248 328
248 332
256 332
256 343
252 343
252 345
264 345
264 340
280 340
280 334
285 334
285 348
289 348
289 318
296 318
296 325
309 325
309 331
334 331
334 347
343 347
343 344
340 344
340 342
346 342
346 339
342 339
342 329
331 329
331 309
332 309
332 308
344 308
344 291
349 291
349 284
338 284
338 296
335 296
335 283
329 283
329 281
328 281
328 274
339 274
339 253
347 253
347 245
348 245
348 207
337 207
337 252
336 252
336 247
318 247
318 219
312 219
312 216
304 216
304 218
297 218
297 228
274 228
274 212
284 212
284 211
272 211
272 208
306 208
306 199
333 199
333 198
326 198
326 197
325 197
325 194
324 194
324 193
293 193
293 205
257 205
257 210
253 210
253 214
270 214
270 239
283 239
283 240
271 240
271 248
302 248
302 238
300 238
300 222
307 222
307 220
311 220
311 232
313 232
313 288
314 288
314 290
316 290
316 265
317 265
317 298
301 298
301 299
241 299
241 300
295 300
295 301
240 301
240 302
315 302
315 305
319 305
319 295
321 295
321 282
322 282
322 257
323 257
323 293
327 293
327 304
330 304
330 327
320 327
320 311
308 311
308 310
298 310
298 306
278 306
278 313
273 313
273 307
267 307
267 317
259 317
259 323
254 323
254 320
238 320
238 312
227 312
227 314
167 314
167 277
197 277
197 275
205 275
205 270
214 270
214 269
212 269
212 204
195 204
195 202
181 202
181 201
170 201
170 182
198 182
198 186
220 186
220 175
215 175
215 176
190 176
190 179
158 179
158 189
156 189
156 200
164 200
164 225
165 225
165 224
174 224
174 221
204 221
204 215
169 215
169 213
210 213
210 226
207 226
207 268
192 268
192 271
172 271
172 273
182 273
182 276
163 276
163 280
160 280
160 289
154 289
154 278
152 278
152 264
153 264
153 190
155 190
155 184
150 184
150 167
151 167
151 160
145 160
145 156
144 156
144 171
139 171
139 181
147 181
147 187
135 187
135 158
121 158
121 161
97 161
97 164
108 164
108 168
131 168
131 169
90 169
90 163
74 163
74 203
63 203
63 217
57 217
57 235
82 235
82 236
56 236
56 237
96 237
96 243
101 243
101 244
52 244
52 246
45 246
45 188
48 188
48 241
51 241
51 183
46 183
46 172
44 172
44 159
40 159
40 138
47 138
47 123
43 123
43 108
58 108
58 109
69 109
69 153
100 153
100 150
99 150
99 140
103 140
103 127
119 127
119 124
120 124
120 143
123 143
123 147
126 147
126 148
133 148
133 149
140 149
140 146
157 146
157 154
171 154
171 155
180 155
180 157
186 157
186 162
188 162
188 166
200 166
200 136
196 136
196 135
206 135
206 144
202 144
202 170
209 170
209 132
203 132
203 134
199 134
199 112
193 112
193 118
191 118
191 85
183 85
183 56
184 56
184 52
211 52
211 48
179 48
179 42
177 42
177 33
208 33
208 36
201 36
201 37
221 37
221 30
226 30
226 47
234 47
234 100
236 100
236 111
237 111
237 95
239 95
239 74
242 74
242 90
243 90
243 114
244 114
244 61
275 61
275 62
255 62
255 73
276 73
276 67
281 67
281 66
290 66
290 64
292 64
292 39
294 39
294 84
260 84
260 113
266 113
266 107
268 107
268 94
277 94
277 91
305 91
305 40
310 40
310 32
291 32
291 60
269 60
269 31
299 31
299 24
262 24
262 23
279 23
279 15
286 15
286 14
287 14
287 13
303 13
303 7
345 7
345 3
341 3
341 2
288 2
288 5
282 5
282 8
247 8
247 9
245 9
245 11
263 11
263 22
261 22
261 45
249 45
249 51
265 51
265 57
251 57
251 53
235 53
235 44
232 44
232 12
225 12
225 16
224 16
224 17
218 17
218 20
228 20
228 28
230 28
230 29
168 29
168 34
173 34
173 55
175 55
175 97
178 97
178 110
189 110
189 121
185 121
185 128
194 128
194 151
159 151
159 142
136 142
136 139
127 139
127 141
122 141
122 131
124 131
124 117
105 117
105 99
111 99
111 105
116 105
116 101
117 101
117 92
109 92
109 89
118 89
118 75
115 75
115 59
114 59
114 26
110 26
110 18
95 18
95 21
98 21
98 46
107 46
107 80
102 80
102 83
92 83
92 82
89 82
89 103
94 103
94 152
83 152
83 137
88 137
88 125
84 125
84 126
77 126
77 81
81 81
81 79
85 79
85 78
76 78
76 54
75 54
75 35
72 35
72 77
70 77
70 50
68 50
68 43
61 43
61 1
60 1
60 0
27 0
27 4
53 4
53 6
26 6
26 10
49 10
49 25
41 25
41 27
55 27
55 19
59 19
59 38
50 38
50 41
39 41
39 49
34 49
34 58
15 58
15 65
5 65
5 69
