3500
0 1744
0 1746
3 1746
3 1747
4 1747
4 1749
25 1749
25 1748
28 1748
28 1745
20 1745
20 1743
44 1743
44 1741
46 1741
46 1670
50 1670
50 1684
54 1684
54 1689
73 1689
73 1661
76 1661
76 1698
82 1698
82 1738
89 1738
89 1720
90 1720
90 1678
77 1678
77 1666
101 1666
101 1577
102 1577
102 1421
85 1421
85 1394
81 1394
81 1336
97 1336
97 1215
86 1215
86 1065
94 1065
94 1042
75 1042
75 1019
100 1019
100 1024
103 1024
103 1119
105 1119
105 989
104 989
104 932
55 932
55 928
95 928
95 922
109 922
109 871
114 871
114 857
116 857
116 793
123 793
123 776
131 776
131 806
132 806
132 818
149 818
149 838
133 838
133 858
152 858
152 877
153 877
153 885
115 885
115 890
157 890
157 889
160 889
160 891
138 891
138 897
121 897
121 904
120 904
120 893
117 893
117 905
158 905
158 902
177 902
177 880
206 880
206 917
199 917
199 911
187 911
187 916
179 916
179 978
170 978
170 1001
169 1001
169 1057
172 1057
172 1114
126 1114
126 1113
119 1113
119 1116
186 1116
186 1125
184 1125
184 1124
148 1124
148 1127
122 1127
122 1144
124 1144
124 1176
142 1176
142 1248
139 1248
139 1320
140 1320
140 1452
147 1452
147 1453
155 1453
155 1471
127 1471
127 1573
129 1573
129 1530
130 1530
130 1629
128 1629
128 1700
125 1700
125 1708
113 1708
113 1712
178 1712
178 1713
205 1713
205 1717
198 1717
198 1718
317 1718
317 1729
308 1729
308 1731
215 1731
215 1722
214 1722
214 1721
191 1721
191 1732
277 1732
277 1733
285 1733
285 1734
389 1734
389 1730
349 1730
349 1724
396 1724
396 1736
406 1736
406 1726
413 1726
413 1728
454 1728
454 1735
471 1735
471 1725
415 1725
415 1715
408 1715
408 1719
363 1719
363 1716
256 1716
256 1710
118 1710
118 1709
402 1709
402 1707
159 1707
159 1688
167 1688
167 1691
176 1691
176 1690
174 1690
174 1685
136 1685
136 1651
150 1651
150 1616
137 1616
137 1601
135 1601
135 1658
134 1658
134 1558
151 1558
151 1624
183 1624
183 1636
188 1636
188 1667
196 1667
196 1682
202 1682
202 1675
203 1675
203 1646
209 1646
209 1612
210 1612
210 1607
204 1607
204 1594
200 1594
200 1578
201 1578
201 1574
212 1574
212 1571
194 1571
194 1610
193 1610
193 1568
310 1568
310 1566
414 1566
414 1565
195 1565
195 1557
273 1557
273 1561
296 1561
296 1538
301 1538
301 1537
236 1537
236 1463
265 1463
265 1459
292 1459
292 1461
400 1461
400 1475
335 1475
335 1483
371 1483
371 1494
407 1494
407 1493
405 1493
405 1464
422 1464
422 1482
470 1482
470 1488
498 1488
498 1485
817 1485
817 1490
859 1490
859 1492
1096 1492
1096 1498
1049 1498
1049 1499
1080 1499
1080 1509
1122 1509
1122 1512
1024 1512
1024 1515
1000 1515
1000 1520
916 1520
916 1522
728 1522
728 1518
832 1518
832 1516
829 1516
829 1513
678 1513
678 1519
695 1519
695 1531
664 1531
664 1541
687 1541
687 1545
504 1545
504 1547
500 1547
500 1567
533 1567
533 1556
552 1556
552 1553
617 1553
617 1546
710 1546
710 1550
729 1550
729 1544
754 1544
754 1532
713 1532
713 1529
794 1529
794 1533
842 1533
842 1534
892 1534
892 1536
901 1536
901 1527
935 1527
935 1535
964 1535
964 1526
743 1526
743 1525
742 1525
742 1524
1123 1524
1123 1514
1232 1514
1232 1595
1243 1595
1243 1620
1213 1620
1213 1618
957 1618
957 1617
1055 1617
1055 1614
1058 1614
1058 1611
1148 1611
1148 1603
948 1603
948 1591
914 1591
914 1597
910 1597
910 1582
827 1582
827 1580
806 1580
806 1581
795 1581
795 1586
782 1586
782 1587
440 1587
440 1600
449 1600
449 1602
464 1602
464 1598
468 1598
468 1588
727 1588
727 1589
802 1589
802 1623
559 1623
559 1674
569 1674
569 1687
588 1687
588 1668
649 1668
649 1663
627 1663
627 1644
579 1644
579 1626
811 1626
811 1585
889 1585
889 1593
828 1593
828 1605
845 1605
845 1604
846 1604
846 1615
888 1615
888 1606
930 1606
930 1631
696 1631
696 1635
684 1635
684 1634
653 1634
653 1647
751 1647
751 1654
757 1654
757 1653
778 1653
778 1649
1064 1649
1064 1659
1061 1659
1061 1662
835 1662
835 1672
816 1672
816 1676
796 1676
796 1679
815 1679
815 1680
840 1680
840 1677
855 1677
855 1692
902 1692
902 1683
938 1683
938 1671
950 1671
950 1669
974 1669
974 1664
1070 1664
1070 1645
744 1645
744 1638
780 1638
780 1643
969 1643
969 1641
953 1641
953 1637
867 1637
867 1633
961 1633
961 1627
986 1627
986 1628
988 1628
988 1619
1146 1619
1146 1621
1161 1621
1161 1632
1137 1632
1137 1642
1108 1642
1108 1639
1106 1639
1106 1693
922 1693
922 1694
831 1694
831 1695
1038 1695
1038 1696
1032 1696
1032 1697
788 1697
788 1706
792 1706
792 1699
798 1699
798 1701
1020 1701
1020 1705
1077 1705
1077 1703
1109 1703
1109 1648
1134 1648
1134 1656
1174 1656
1174 1673
1204 1673
1204 1702
1224 1702
1224 1655
1225 1655
1225 1650
1177 1650
1177 1652
1173 1652
1173 1640
1184 1640
1184 1630
1193 1630
1193 1625
1238 1625
1238 1622
1248 1622
1248 1592
1233 1592
1233 1583
1247 1583
1247 1539
1245 1539
1245 1523
1236 1523
1236 1496
1226 1496
1226 1495
1167 1495
1167 1497
1119 1497
1119 1504
1098 1504
1098 1486
1115 1486
1115 1484
1110 1484
1110 1479
1011 1479
1011 1487
1001 1487
1001 1477
870 1477
870 1481
800 1481
800 1476
585 1476
585 1473
551 1473
551 1474
562 1474
562 1480
441 1480
441 1460
451 1460
451 1444
435 1444
435 1448
411 1448
411 1434
418 1434
418 1422
434 1422
434 1348
419 1348
419 1327
442 1327
442 1322
445 1322
445 1361
459 1361
459 1366
462 1366
462 1383
463 1383
463 1367
466 1367
466 1371
467 1371
467 1373
519 1373
519 1374
536 1374
536 1400
499 1400
499 1411
523 1411
523 1420
535 1420
535 1424
527 1424
527 1425
542 1425
542 1418
538 1418
538 1417
549 1417
549 1408
543 1408
543 1365
461 1365
461 1363
628 1363
628 1356
716 1356
716 1357
672 1357
672 1379
651 1379
651 1386
688 1386
688 1404
662 1404
662 1412
680 1412
680 1413
883 1413
883 1409
821 1409
821 1399
981 1399
981 1390
1189 1390
1189 1389
1093 1389
1093 1384
841 1384
841 1391
820 1391
820 1407
814 1407
814 1406
804 1406
804 1402
769 1402
769 1392
793 1392
793 1381
797 1381
797 1376
779 1376
779 1378
768 1378
768 1393
767 1393
767 1370
762 1370
762 1405
694 1405
694 1397
698 1397
698 1385
705 1385
705 1395
709 1395
709 1382
692 1382
692 1375
741 1375
741 1372
712 1372
712 1362
837 1362
837 1364
839 1364
839 1355
524 1355
524 1351
489 1351
489 1358
469 1358
469 1359
448 1359
448 1318
452 1318
452 1315
568 1315
568 1312
625 1312
625 1288
644 1288
644 1236
652 1236
652 1224
657 1224
657 1222
642 1222
642 1221
674 1221
674 1299
789 1299
789 1303
791 1303
791 1306
949 1306
949 1326
956 1326
956 1334
991 1334
991 1325
1004 1325
1004 1324
954 1324
954 1323
1040 1323
1040 1316
987 1316
987 1302
940 1302
940 1300
897 1300
897 1297
1131 1297
1131 1298
1312 1298
1312 1301
1338 1301
1338 1308
1192 1308
1192 1332
1528 1332
1528 1333
1341 1333
1341 1337
1333 1337
1333 1339
1351 1339
1351 1353
1392 1353
1392 1341
1437 1341
1437 1344
1452 1344
1452 1340
1454 1340
1454 1343
1617 1343
1617 1346
1464 1346
1464 1349
1653 1349
1653 1347
1658 1347
1658 1354
1659 1354
1659 1410
1655 1410
1655 1387
1624 1387
1624 1388
1643 1388
1643 1428
1647 1428
1647 1438
1562 1438
1562 1439
1593 1439
1593 1442
1522 1442
1522 1465
1551 1465
1551 1489
1498 1489
1498 1478
1468 1478
1468 1472
1430 1472
1430 1503
1405 1503
1405 1510
1362 1510
1362 1502
1373 1502
1373 1470
1482 1470
1482 1467
1463 1467
1463 1466
1344 1466
1344 1468
1343 1468
1343 1528
1348 1528
1348 1540
1353 1540
1353 1570
1367 1570
1367 1575
1335 1575
1335 1613
1339 1613
1339 1584
1372 1584
1372 1608
1400 1608
1400 1609
1415 1609
1415 1562
1495 1562
1495 1563
1560 1563
1560 1596
1570 1596
1570 1590
1618 1590
1618 1579
1569 1579
1569 1572
1621 1572
1621 1559
1513 1559
1513 1560
1410 1560
1410 1599
1381 1599
1381 1511
1465 1511
1465 1501
1485 1501
1485 1549
1503 1549
1503 1517
1510 1517
1510 1551
1518 1551
1518 1543
1543 1543
1543 1508
1604 1508
1604 1506
1608 1506
1608 1462
1607 1462
1607 1454
1625 1454
1625 1446
1605 1446
1605 1469
1602 1469
1602 1507
1515 1507
1515 1500
1431 1500
1431 1491
1565 1491
1565 1443
1628 1443
1628 1440
1688 1440
1688 1433
1650 1433
1650 1429
1652 1429
1652 1415
1661 1415
1661 1380
1669 1380
1669 1369
1682 1369
1682 1350
1698 1350
1698 1377
1711 1377
1711 1213
1710 1213
1710 964
1728 964
1728 915
1732 915
1732 901
1729 901
1729 879
1748 879
1748 869
1749 869
1749 851
1745 851
1745 850
1723 850
1723 849
1725 849
1725 815
1726 815
1726 822
1731 822
1731 777
1737 777
1737 829
1736 829
1736 831
1740 831
1740 828
1744 828
1744 814
1739 814
1739 775
1747 775
1747 749
1718 749
1718 741
1704 741
1704 732
1701 732
1701 751
1746 751
1746 771
1730 771
1730 761
1721 761
1721 773
1702 773
1702 852
1703 852
1703 788
1717 788
1717 853
1696 853
1696 794
1697 794
1697 772
1690 772
1690 787
1687 787
1687 863
1592 863
1592 707
1572 707
1572 706
1591 706
1591 680
1582 680
1582 657
1598 657
1598 716
1596 716
1596 728
1595 728
1595 837
1599 837
1599 848
1600 848
1600 763
1601 763
1601 676
1606 676
1606 819
1614 819
1614 803
1619 803
1619 802
1610 802
1610 720
1620 720
1620 701
1623 701
1623 694
1613 694
1613 653
1622 653
1622 648
1594 648
1594 630
1627 630
1627 627
1577 627
1577 610
1578 610
1578 604
1580 604
1580 616
1609 616
1609 614
1664 614
1664 613
1597 613
1597 608
1633 608
1633 580
1641 580
1641 529
1632 529
1632 349
1634 349
1634 449
1637 449
1637 372
1640 372
1640 283
1639 283
1639 257
1638 257
1638 208
1649 208
1649 209
1662 209
1662 174
1673 174
1673 218
1692 218
1692 236
1644 236
1644 304
1646 304
1646 258
1656 258
1656 249
1672 249
1672 241
1695 241
1695 279
1694 279
1694 288
1666 288
1666 317
1674 317
1674 334
1668 334
1668 495
1671 495
1671 396
1679 396
1679 394
1678 394
1678 373
1670 373
1670 347
1681 347
1681 314
1699 314
1699 309
1700 309
1700 207
1686 207
1686 212
1685 212
1685 200
1719 200
1719 206
1734 206
1734 191
1735 191
1735 155
1738 155
1738 101
1743 101
1743 40
1741 40
1741 68
1716 68
1716 61
1665 61
1665 71
1680 71
1680 63
1693 63
1693 72
1712 72
1712 80
1733 80
1733 99
1720 99
1720 127
1708 127
1708 145
1706 145
1706 192
1691 192
1691 168
1683 168
1683 137
1677 137
1677 188
1676 188
1676 109
1667 109
1667 108
1663 108
1663 110
1657 110
1657 74
1660 74
1660 70
1654 70
1654 113
1675 113
1675 156
1651 156
1651 160
1636 160
1636 315
1635 315
1635 294
1630 294
1630 550
1629 550
1629 555
1631 555
1631 571
1557 571
1557 552
1553 552
1553 538
1558 538
1558 33
1568 33
1568 32
1540 32
1540 42
1520 42
1520 55
1532 55
1532 96
1555 96
1555 151
1552 151
1552 414
1549 414
1549 277
1542 277
1542 252
1533 252
1533 295
1531 295
1531 297
1537 297
1537 299
1541 299
1541 318
1546 318
1546 487
1529 487
1529 336
1527 336
1527 379
1526 379
1526 356
1517 356
1517 359
1504 359
1504 307
1512 307
1512 272
1516 272
1516 261
1509 261
1509 29
1564 29
1564 23
1561 23
1561 15
1556 15
1556 0
1550 0
1550 27
1506 27
1506 302
1501 302
1501 340
1497 340
1497 271
1500 271
1500 144
1502 144
1502 53
1496 53
1496 376
1505 376
1505 392
1507 392
1507 395
1524 395
1524 407
1514 407
1514 457
1511 457
1511 489
1534 489
1534 566
1536 566
1536 531
1538 531
1538 513
1545 513
1545 577
1575 577
1575 578
1612 578
1612 595
1559 595
1559 592
1547 592
1547 593
1554 593
1554 597
1576 597
1576 599
1571 599
1571 647
1579 647
1579 684
1583 684
1583 703
1567 703
1567 699
1445 699
1445 678
1446 678
1446 674
1450 674
1450 698
1461 698
1461 672
1412 672
1412 669
1477 669
1477 659
1385 659
1385 663
1337 663
1337 658
1319 658
1319 670
1311 670
1311 644
1301 644
1301 642
1457 642
1457 636
1471 636
1471 641
1478 641
1478 623
1453 623
1453 500
1451 500
1451 467
1435 467
1435 452
1443 452
1443 450
1440 450
1440 410
1352 410
1352 369
1355 369
1355 350
1359 350
1359 344
1346 344
1346 339
1371 339
1371 367
1390 367
1390 264
1391 264
1391 204
1387 204
1387 154
1388 154
1388 84
1377 84
1377 66
1376 66
1376 59
1401 59
1401 73
1406 73
1406 89
1474 89
1474 60
1460 60
1460 57
1469 57
1469 52
1458 52
1458 43
1444 43
1444 21
1455 21
1455 6
1487 6
1487 7
1488 7
1488 22
1481 22
1481 31
1480 31
1480 65
1483 65
1483 75
1489 75
1489 26
1494 26
1494 16
1491 16
1491 8
1490 8
1490 2
1442 2
1442 1
1413 1
1413 3
1327 3
1327 18
1323 18
1323 20
1317 20
1317 37
1297 37
1297 49
1294 49
1294 35
1293 35
1293 48
1291 48
1291 34
1289 34
1289 39
1283 39
1283 46
1111 46
1111 58
1113 58
1113 54
1132 54
1132 51
1178 51
1178 50
1307 50
1307 47
1313 47
1313 44
1324 44
1324 41
1329 41
1329 5
1441 5
1441 64
1434 64
1434 45
1402 45
1402 56
1369 56
1369 230
1379 230
1379 250
1389 250
1389 331
1345 331
1345 355
1350 355
1350 422
1422 422
1422 451
1386 451
1386 458
1425 458
1425 470
1449 470
1449 560
1436 560
1436 576
1398 576
1398 575
1419 575
1419 554
1404 554
1404 501
1347 501
1347 517
1394 517
1394 543
1380 543
1380 546
1356 546
1356 590
1365 590
1365 606
1378 606
1378 569
1393 569
1393 594
1421 594
1421 581
1438 581
1438 565
1447 565
1447 611
1336 611
1336 625
1467 625
1467 631
1459 631
1459 632
1428 632
1428 638
1361 638
1361 634
1305 634
1305 635
1302 635
1302 639
1332 639
1332 640
1285 640
1285 558
1273 558
1273 514
1270 514
1270 504
1228 504
1228 456
1229 456
1229 491
1279 491
1279 475
1263 475
1263 454
1269 454
1269 453
1258 453
1258 432
1240 432
1240 420
1201 420
1201 423
1218 423
1218 430
1172 430
1172 438
1223 438
1223 464
1210 464
1210 445
1187 445
1187 479
1198 479
1198 532
1158 532
1158 537
1105 537
1105 562
1103 562
1103 549
1101 549
1101 503
1091 503
1091 498
1088 498
1088 380
1078 380
1078 362
1076 362
1076 182
1075 182
1075 165
1074 165
1074 116
1072 116
1072 124
1068 124
1068 202
1063 202
1063 203
1062 203
1062 161
1060 161
1060 102
1057 102
1057 69
1056 69
1056 62
1051 62
1051 76
1046 76
1046 93
1042 93
1042 103
1053 103
1053 213
1069 213
1069 363
1066 363
1066 388
1071 388
1071 404
1036 404
1036 386
1022 386
1022 251
1023 251
1023 119
1027 119
1027 112
1037 112
1037 114
1039 114
1039 91
1015 91
1015 97
927 97
927 129
928 129
928 256
913 256
913 260
908 260
908 122
900 122
900 134
893 134
893 83
895 83
895 38
915 38
915 36
931 36
931 30
972 30
972 28
992 28
992 25
1028 25
1028 14
844 14
844 13
836 13
836 17
822 17
822 12
872 12
872 4
818 4
818 9
825 9
825 10
805 10
805 11
810 11
810 19
994 19
994 24
891 24
891 118
864 118
864 231
876 231
876 253
851 253
851 463
848 463
848 626
847 626
847 700
856 700
856 646
852 646
852 568
850 568
850 553
853 553
853 259
886 259
886 132
887 132
887 254
898 254
898 528
878 528
878 399
875 399
875 361
869 361
869 352
868 352
868 357
857 357
857 358
865 358
865 417
874 417
874 497
866 497
866 542
873 542
873 564
890 564
890 567
894 567
894 621
885 621
885 643
871 643
871 662
905 662
905 673
884 673
884 717
920 717
920 535
923 535
923 472
924 472
924 474
926 474
926 493
934 493
934 586
944 586
944 563
946 563
946 387
945 387
945 545
936 545
936 446
921 446
921 443
933 443
933 424
917 424
917 573
919 573
919 615
909 615
909 654
899 654
899 469
903 469
903 199
904 199
904 382
912 382
912 348
906 348
906 263
918 263
918 266
932 266
932 286
943 286
943 276
937 276
937 275
958 275
958 274
966 274
966 265
962 265
962 255
959 255
959 248
983 248
983 235
971 235
971 229
984 229
984 135
1010 135
1010 366
1006 366
1006 440
980 440
980 308
982 308
982 269
979 269
979 328
977 328
977 485
1005 485
1005 506
990 506
990 496
976 496
976 511
993 511
993 520
998 520
998 534
960 534
960 579
967 579
967 600
968 600
968 587
970 587
970 540
1013 540
1013 270
1014 270
1014 120
1012 120
1012 117
1008 117
1008 123
1003 123
1003 133
975 133
975 195
965 195
965 224
963 224
963 227
955 227
955 273
939 273
939 100
973 100
973 104
997 104
997 106
1009 106
1009 115
1021 115
1021 378
1019 378
1019 389
1025 389
1025 393
1017 393
1017 405
1033 405
1033 433
1082 433
1082 436
1081 436
1081 596
1086 596
1086 524
1097 524
1097 582
1112 582
1112 588
1120 588
1120 585
1117 585
1117 574
1107 574
1107 539
1164 539
1164 572
1166 572
1166 547
1227 547
1227 541
1214 541
1214 466
1220 466
1220 536
1234 536
1234 521
1255 521
1255 505
1266 505
1266 570
1267 570
1267 609
1280 609
1280 666
1290 666
1290 661
1296 661
1296 649
1298 649
1298 665
1306 665
1306 695
1322 695
1322 683
1426 683
1426 686
1432 686
1432 681
1433 681
1433 723
1325 723
1325 764
1340 764
1340 745
1363 745
1363 734
1416 734
1416 736
1403 736
1403 779
1417 779
1417 727
1462 727
1462 795
1466 795
1466 821
1375 821
1375 826
1304 826
1304 816
1309 816
1309 813
1275 813
1275 812
1331 812
1331 807
1292 807
1292 805
1286 805
1286 796
1211 796
1211 675
1217 675
1217 617
1185 617
1185 618
1205 618
1205 633
1206 633
1206 671
1168 671
1168 687
1194 687
1194 708
1203 708
1203 721
1199 721
1199 726
1175 726
1175 735
1171 735
1171 733
1156 733
1156 737
1150 737
1150 712
1139 712
1139 691
1143 691
1143 692
1163 692
1163 685
1152 685
1152 667
1151 667
1151 619
1135 619
1135 601
1130 601
1130 655
1128 655
1128 725
1133 725
1133 729
1116 729
1116 730
1092 730
1092 791
1100 791
1100 757
1118 757
1118 762
1124 762
1124 786
1127 786
1127 765
1162 765
1162 746
1121 746
1121 744
1183 744
1183 739
1125 739
1125 738
1200 738
1200 756
1202 756
1202 785
1208 785
1208 799
1222 799
1222 800
1250 800
1250 798
1281 798
1281 810
1268 810
1268 827
1407 827
1407 840
1384 840
1384 839
1288 839
1288 833
1274 833
1274 832
1257 832
1257 847
1284 847
1284 845
1321 845
1321 842
1383 842
1383 841
1427 841
1427 830
1456 830
1456 825
1473 825
1473 782
1472 782
1472 705
1525 705
1525 710
1539 710
1539 711
1563 711
1563 722
1581 722
1581 724
1584 724
1584 758
1587 758
1587 731
1588 731
1588 864
1648 864
1648 866
1742 866
1742 868
1727 868
1727 908
1724 908
1724 870
1715 870
1715 874
1707 874
1707 884
1722 884
1722 895
1714 895
1714 914
1713 914
1713 957
1705 957
1705 1011
1709 1011
1709 1335
1689 1335
1689 1342
1684 1342
1684 1338
1590 1338
1590 1330
1470 1330
1470 1329
1272 1329
1272 1328
1251 1328
1251 1317
1207 1317
1207 1310
1276 1310
1276 1314
1475 1314
1475 1321
1476 1321
1476 1311
1382 1311
1382 1296
1212 1296
1212 1295
843 1295
843 1292
733 1292
733 1289
925 1289
925 1287
1045 1287
1045 1286
1044 1286
1044 1283
1029 1283
1029 1282
1138 1282
1138 1271
1140 1271
1140 1280
1611 1280
1611 1278
1626 1278
1626 1273
1374 1273
1374 1270
1315 1270
1315 1276
1241 1276
1241 1279
1219 1279
1219 1272
1170 1272
1170 1266
838 1266
838 1267
985 1267
985 1274
824 1274
824 1249
854 1249
854 1260
911 1260
911 1261
929 1261
929 1251
942 1251
942 1246
881 1246
881 1226
877 1226
877 1207
879 1207
879 1201
1026 1201
1026 1210
1002 1210
1002 1211
1083 1211
1083 1208
1196 1208
1196 1209
1334 1209
1334 1214
1396 1214
1396 1227
1157 1227
1157 1228
1041 1228
1041 1235
1016 1235
1016 1238
1031 1238
1031 1245
1104 1245
1104 1243
1090 1243
1090 1237
1102 1237
1102 1239
1141 1239
1141 1247
1129 1247
1129 1259
1144 1259
1144 1234
1176 1234
1176 1262
1179 1262
1179 1241
1186 1241
1186 1254
1216 1254
1216 1257
1252 1257
1252 1244
1271 1244
1271 1263
1287 1263
1287 1256
1370 1256
1370 1264
1439 1264
1439 1252
1420 1252
1420 1253
1320 1253
1320 1255
1316 1255
1316 1232
1160 1232
1160 1231
1253 1231
1253 1229
1368 1229
1368 1230
1418 1230
1418 1233
1423 1233
1423 1217
1397 1217
1397 1205
1399 1205
1399 1200
1282 1200
1282 1196
1254 1196
1254 1206
1142 1206
1142 1197
1054 1197
1054 1199
1043 1199
1043 1191
1084 1191
1084 1190
1479 1190
1479 1186
1411 1186
1411 1189
1358 1189
1358 1183
1295 1183
1295 1177
1095 1177
1095 1179
1180 1179
1180 1180
1007 1180
1007 1182
1034 1182
1034 1181
1047 1181
1047 1184
1191 1184
1191 1185
951 1185
951 1187
1154 1187
1154 1188
896 1188
896 1193
862 1193
862 1195
858 1195
858 1220
830 1220
830 1242
812 1242
812 1204
813 1204
813 1192
773 1192
773 1203
809 1203
809 1277
907 1277
907 1285
756 1285
756 1284
675 1284
675 1164
739 1164
739 1161
1087 1161
1087 1158
1035 1158
1035 1155
863 1155
863 1150
1159 1150
1159 1159
1165 1159
1165 1167
1048 1167
1048 1169
1067 1169
1067 1172
1079 1172
1079 1171
1221 1171
1221 1154
1235 1154
1235 1170
1246 1170
1246 1173
1265 1173
1265 1166
1262 1166
1262 1148
1145 1148
1145 1149
808 1149
808 1153
736 1153
736 1145
731 1145
731 1163
668 1163
668 1216
655 1216
655 1198
643 1198
643 1131
564 1131
564 1122
720 1122
720 1130
719 1130
719 1141
730 1141
730 1143
745 1143
745 1133
775 1133
775 1140
833 1140
833 1126
989 1126
989 1123
823 1123
823 1129
785 1129
785 1121
776 1121
776 1120
494 1120
494 1091
510 1091
510 1066
634 1066
634 1069
1277 1069
1277 1077
1094 1077
1094 1075
1237 1075
1237 1072
1155 1072
1155 1070
624 1070
624 1071
860 1071
860 1073
737 1073
737 1082
834 1082
834 1097
1114 1097
1114 1094
880 1094
880 1093
849 1093
849 1085
1126 1085
1126 1106
1230 1106
1230 1105
1303 1105
1303 1104
1153 1104
1153 1095
1195 1095
1195 1099
1215 1099
1215 1096
1310 1096
1310 1101
1328 1101
1328 1110
1342 1110
1342 1092
1314 1092
1314 1090
1197 1090
1197 1087
1188 1087
1188 1081
1089 1081
1089 1083
882 1083
882 1078
995 1078
995 1076
996 1076
996 1080
1256 1080
1256 1079
1360 1079
1360 1074
1366 1074
1366 1053
1364 1053
1364 1028
1408 1028
1408 1054
1424 1054
1424 1025
1429 1025
1429 993
1414 993
1414 988
1395 988
1395 985
1448 985
1448 1004
1484 1004
1484 1030
1486 1030
1486 1103
1499 1103
1499 1043
1544 1043
1544 1056
1519 1056
1519 1059
1535 1059
1535 1100
1573 1100
1573 1109
1574 1109
1574 1111
1586 1111
1586 1118
1589 1118
1589 1108
1616 1108
1616 1107
1645 1107
1645 1051
1642 1051
1642 1058
1603 1058
1603 1060
1615 1060
1615 1086
1585 1086
1585 1098
1548 1098
1548 1032
1530 1032
1530 1027
1521 1027
1521 1031
1493 1031
1493 1008
1566 1008
1566 1006
1523 1006
1523 1000
1508 1000
1508 991
1492 991
1492 984
1354 984
1354 983
1326 983
1326 955
1259 955
1259 952
1181 952
1181 958
1209 958
1209 960
1242 960
1242 963
1300 963
1300 974
1318 974
1318 977
1085 977
1085 976
826 976
826 971
861 971
861 973
1030 973
1030 970
1059 970
1059 967
803 967
803 975
605 975
605 951
601 951
601 930
630 930
630 953
667 953
667 959
669 959
669 954
717 954
717 949
723 949
723 948
738 948
738 947
750 947
750 945
787 945
787 939
747 939
747 887
819 887
819 883
693 883
693 886
679 886
679 888
732 888
732 942
783 942
783 944
631 944
631 937
647 937
647 934
704 934
704 926
721 926
721 907
689 907
689 931
654 931
654 927
595 927
595 966
580 966
580 899
635 899
635 898
641 898
641 894
606 894
606 892
574 892
574 910
572 910
572 913
540 913
540 938
556 938
556 940
565 940
565 943
534 943
534 920
486 920
486 919
475 919
475 924
505 924
505 996
516 996
516 998
638 998
638 997
537 997
537 994
623 994
623 987
566 987
566 986
518 986
518 956
570 956
570 981
656 981
656 979
1299 979
1299 992
1409 992
1409 1015
1357 1015
1357 1016
1349 1016
1349 1045
1190 1045
1190 1041
1099 1041
1099 1040
1147 1040
1147 1038
1249 1038
1249 1033
1278 1033
1278 1009
1264 1009
1264 1002
1065 1002
1065 1003
1260 1003
1260 1005
1169 1005
1169 1007
1149 1007
1149 1010
1136 1010
1136 1014
947 1014
947 1017
941 1017
941 1013
801 1013
801 1022
978 1022
978 1021
952 1021
952 1018
1182 1018
1182 1020
1239 1020
1239 1023
1231 1023
1231 1034
807 1034
807 1035
1073 1035
1073 1044
1052 1044
1052 1036
999 1036
999 1037
1050 1037
1050 1047
1018 1047
1018 1052
1244 1052
1244 1048
1261 1048
1261 1049
1330 1049
1330 1068
1308 1068
1308 1067
781 1067
781 1064
682 1064
682 1063
637 1063
637 1061
485 1061
485 1132
594 1132
594 1134
591 1134
591 1136
530 1136
530 1146
465 1146
465 1152
479 1152
479 1162
484 1162
484 1157
512 1157
512 1147
529 1147
529 1165
526 1165
526 1168
603 1168
603 1174
577 1174
577 1202
582 1202
582 1178
604 1178
604 1219
586 1219
586 1223
593 1223
593 1240
610 1240
610 1194
611 1194
611 1160
618 1160
618 1139
598 1139
598 1142
602 1142
602 1156
541 1156
541 1138
636 1138
636 1212
626 1212
626 1225
620 1225
620 1290
621 1290
621 1304
511 1304
511 1309
429 1309
429 968
430 968
430 1055
436 1055
436 982
450 982
450 962
444 962
444 969
437 969
437 929
426 929
426 881
425 881
425 990
427 990
427 1046
428 1046
428 1319
417 1319
417 1368
433 1368
433 1398
431 1398
431 1416
391 1416
391 1432
390 1432
390 1436
386 1436
386 1352
388 1352
388 790
387 790
387 1088
385 1088
385 859
384 859
384 1293
383 1293
383 1401
382 1401
382 767
380 767
380 768
370 768
370 715
369 715
369 664
368 664
368 629
364 629
364 486
362 486
362 351
381 351
381 353
395 353
395 465
397 465
397 502
423 502
423 488
401 488
401 400
398 400
398 381
404 381
404 384
416 384
416 383
453 383
453 377
520 377
520 343
506 343
506 322
521 322
521 370
525 370
525 342
528 342
528 329
578 329
578 306
660 306
660 412
658 412
658 402
639 402
639 406
612 406
612 401
544 401
544 411
531 411
531 416
545 416
545 439
699 439
699 444
681 444
681 447
711 447
711 455
648 455
648 462
558 462
558 471
522 471
522 476
481 476
481 477
472 477
472 478
487 478
487 508
474 508
474 525
478 525
478 526
495 526
495 533
515 533
515 530
496 530
496 523
584 523
584 522
490 522
490 519
613 519
613 544
597 544
597 559
614 559
614 518
592 518
592 516
560 516
560 507
546 507
546 499
488 499
488 480
539 480
539 481
587 481
587 484
607 484
607 483
619 483
619 473
677 473
677 492
685 492
685 459
759 459
759 548
786 548
786 527
760 527
760 448
718 448
718 435
645 435
645 427
573 427
573 437
553 437
553 426
753 426
753 418
765 418
765 409
758 409
758 413
706 413
706 398
715 398
715 397
702 397
702 415
666 415
666 346
673 346
673 337
683 337
683 332
771 332
771 310
697 310
697 312
676 312
676 316
661 316
661 303
659 303
659 300
622 300
622 296
590 296
590 305
576 305
576 293
548 293
548 313
501 313
501 320
497 320
497 324
502 324
502 330
473 330
473 338
483 338
483 364
513 364
513 375
447 375
447 371
458 371
458 345
457 345
457 301
443 301
443 335
439 335
439 327
438 327
438 360
412 360
412 365
424 365
424 368
403 368
403 374
399 374
399 311
373 311
373 290
342 290
342 285
297 285
297 284
288 284
288 281
360 281
360 278
393 278
393 217
378 217
378 187
357 187
357 147
432 147
432 149
456 149
456 157
410 157
410 186
446 186
446 158
460 158
460 162
503 162
503 150
507 150
507 140
509 140
509 152
514 152
514 136
532 136
532 146
554 146
554 159
563 159
563 172
629 172
629 178
561 178
561 196
491 196
491 201
476 201
476 282
482 282
482 267
480 267
480 205
650 205
650 216
646 216
646 215
555 215
555 211
547 211
547 226
583 226
583 228
589 228
589 233
615 233
615 237
707 237
707 232
766 232
766 240
777 240
777 244
799 244
799 210
726 210
726 197
748 197
748 194
772 194
772 193
784 193
784 185
790 185
790 121
774 121
774 128
770 128
770 131
763 131
763 153
761 153
761 164
746 164
746 169
740 169
740 177
755 177
755 170
764 170
764 183
734 183
734 184
725 184
725 223
724 223
724 222
596 222
596 220
663 220
663 198
608 198
608 189
632 189
632 190
700 190
700 179
703 179
703 176
686 176
686 175
671 175
671 173
690 173
690 166
599 166
599 167
571 167
571 171
567 171
567 163
581 163
581 142
616 142
616 139
600 139
600 138
633 138
633 130
708 130
708 111
714 111
714 98
722 98
722 94
665 94
665 88
701 88
701 86
752 86
752 79
749 79
749 67
735 67
735 85
670 85
670 77
550 77
550 78
455 78
455 81
517 81
517 87
557 87
557 95
508 95
508 90
493 90
493 105
575 105
575 92
609 92
609 82
640 82
640 107
691 107
691 125
492 125
492 126
477 126
477 141
421 141
421 143
337 143
337 148
350 148
350 180
356 180
356 181
353 181
353 214
282 214
282 219
237 219
237 225
232 225
232 246
189 246
189 242
162 242
162 243
112 243
112 245
141 245
141 247
276 247
276 239
289 239
289 238
251 238
251 221
323 221
323 234
333 234
333 262
392 262
392 268
182 268
182 280
259 280
259 287
213 287
213 289
219 289
219 298
260 298
260 292
340 292
340 291
372 291
372 319
306 319
306 325
284 325
284 323
270 323
270 326
365 326
365 321
394 321
394 341
377 341
377 333
351 333
351 419
327 419
327 510
334 510
334 605
320 605
320 557
322 557
322 428
321 428
321 385
318 385
318 403
303 403
303 421
283 421
283 434
294 434
294 509
290 509
290 602
291 602
291 607
272 607
272 589
257 589
257 584
241 584
241 468
249 468
249 460
243 460
243 391
240 391
240 551
238 551
238 882
231 882
231 834
229 834
229 688
222 688
222 620
217 620
217 743
228 743
228 844
227 844
227 860
218 860
218 878
220 878
220 1305
223 1305
223 1331
225 1331
225 1294
221 1294
221 961
233 961
233 900
239 900
239 696
242 696
242 628
244 628
244 637
263 637
263 612
299 612
299 556
300 556
300 650
302 650
302 461
295 461
295 431
286 431
286 429
305 429
305 442
319 442
319 624
324 624
324 651
348 651
348 656
253 656
253 823
254 823
254 1258
250 1258
250 941
245 941
245 965
248 965
248 1062
246 1062
246 1084
247 1084
247 1414
262 1414
262 1117
264 1117
264 1128
267 1128
267 1039
268 1039
268 972
293 972
293 980
298 980
298 921
287 921
287 950
281 950
281 923
261 923
261 1403
255 1403
255 1102
258 1102
258 690
274 690
274 709
279 709
279 702
280 702
280 689
278 689
278 660
328 660
328 682
325 682
325 679
316 679
316 677
304 677
304 755
307 755
307 693
312 693
312 704
309 704
309 783
330 783
330 797
311 797
311 862
313 862
313 801
336 801
336 835
341 835
341 820
346 820
346 769
329 769
329 750
314 750
314 747
343 747
343 742
354 742
354 668
359 668
359 561
358 561
358 645
326 645
326 622
338 622
338 515
339 515
339 425
344 425
344 490
347 490
347 441
352 441
352 390
355 390
355 354
361 354
361 652
366 652
366 714
367 714
367 861
374 861
374 867
375 867
375 811
376 811
376 865
379 865
379 1441
409 1441
409 1449
420 1449
420 1450
345 1450
345 1431
332 1431
332 1456
331 1456
331 1430
315 1430
315 1427
275 1427
275 1435
269 1435
269 1437
226 1437
226 1455
216 1455
216 1458
230 1458
230 1445
271 1445
271 1447
252 1447
252 1457
235 1457
235 1542
234 1542
234 1521
211 1521
211 1552
224 1552
224 1554
266 1554
266 1555
190 1555
190 1564
171 1564
171 1569
154 1569
154 1548
143 1548
143 1505
164 1505
164 1451
156 1451
156 1426
146 1426
146 1281
144 1281
144 1250
145 1250
145 1135
192 1135
192 1112
173 1112
173 1050
175 1050
175 1026
180 1026
180 1029
181 1029
181 995
185 995
185 946
197 946
197 935
208 935
208 876
207 876
207 875
168 875
168 873
163 873
163 843
161 843
161 778
165 778
165 792
166 792
166 766
111 766
111 817
110 817
110 718
41 718
41 759
40 759
40 697
38 697
38 713
29 713
29 754
24 754
24 598
31 598
31 591
14 591
14 512
15 512
15 494
16 494
16 408
11 408
11 482
10 482
10 583
6 583
6 603
19 603
19 774
17 774
17 854
12 854
12 856
23 856
23 855
33 855
33 846
27 846
27 808
22 808
22 781
30 781
30 789
34 789
34 836
35 836
35 804
39 804
39 770
37 770
37 760
45 760
45 719
65 719
65 740
70 740
70 748
88 748
88 752
74 752
74 809
87 809
87 784
92 784
92 780
98 780
98 753
108 753
108 824
106 824
106 872
107 872
107 918
91 918
91 896
84 896
84 903
78 903
78 925
72 925
72 906
56 906
56 909
49 909
49 912
47 912
47 936
51 936
51 933
93 933
93 999
64 999
64 1012
58 1012
58 1137
52 1137
52 1275
48 1275
48 1307
53 1307
53 1151
57 1151
57 1345
59 1345
59 1218
60 1218
60 1265
61 1265
61 1268
62 1268
62 1360
66 1360
66 1396
67 1396
67 1419
68 1419
68 1313
63 1313
63 1175
71 1175
71 1115
69 1115
69 1089
79 1089
79 1269
83 1269
83 1291
80 1291
80 1423
99 1423
99 1576
96 1576
96 1657
21 1657
21 1660
26 1660
26 1665
32 1665
32 1686
36 1686
36 1681
42 1681
42 1704
43 1704
43 1742
18 1742
18 1711
9 1711
9 1727
13 1727
13 1740
7 1740
7 1737
8 1737
8 1714
1 1714
1 1739
2 1739
2 1723
5 1723
5 1744
