400
0 106
0 131
2 131
2 120
6 120
6 119
1 119
1 116
50 116
50 112
55 112
55 103
66 103
66 118
74 118
74 126
73 126
73 127
81 127
81 114
83 114
83 128
114 128
114 130
89 130
89 132
118 132
118 124
122 124
122 137
113 137
113 133
86 133
86 135
62 135
62 136
59 136
59 139
57 139
57 140
27 140
27 149
16 149
16 161
22 161
22 171
18 171
18 176
11 176
11 164
10 164
10 167
3 167
3 179
4 179
4 198
7 198
7 177
13 177
13 191
14 191
14 186
25 186
25 199
38 199
38 196
39 196
39 194
32 194
32 193
29 193
29 153
43 153
43 151
49 151
49 143
61 143
61 146
75 146
75 170
68 170
68 195
69 195
69 183
77 183
77 172
82 172
82 160
93 160
93 157
96 157
96 152
99 152
99 190
94 190
94 197
102 197
102 156
105 156
105 150
106 150
106 154
112 154
112 192
128 192
128 188
129 188
129 184
166 184
166 189
198 189
198 185
182 185
182 175
192 175
192 169
175 169
175 162
177 162
177 166
194 166
194 155
195 155
195 148
184 148
184 144
181 144
181 129
179 129
179 159
170 159
170 165
161 165
161 117
159 117
159 168
167 168
167 181
140 181
140 180
145 180
145 178
156 178
156 174
154 174
154 173
141 173
141 163
133 163
133 182
120 182
120 187
117 187
117 145
67 145
67 142
98 142
98 141
103 141
103 138
121 138
121 158
139 158
139 147
125 147
125 134
135 134
135 123
142 123
142 125
146 125
146 122
132 122
132 121
90 121
90 110
72 110
72 105
76 105
76 109
78 109
78 102
92 102
92 107
100 107
100 113
104 113
104 101
109 101
109 100
71 100
71 99
48 99
48 115
37 115
37 104
28 104
28 83
35 83
35 90
34 90
34 93
79 93
79 94
40 94
40 98
150 98
150 97
148 97
148 96
108 96
108 95
101 95
101 89
64 89
64 88
56 88
56 92
45 92
45 91
46 91
46 74
53 74
53 75
52 75
52 86
63 86
63 87
70 87
70 82
80 82
80 81
58 81
58 80
91 80
91 73
33 73
33 68
36 68
36 62
65 62
65 59
42 59
42 42
95 42
95 34
136 34
136 47
151 47
151 54
163 54
163 55
180 55
180 58
171 58
171 57
131 57
131 63
162 63
162 67
183 67
183 70
172 70
172 71
164 71
164 78
97 78
97 85
152 85
152 84
127 84
127 79
174 79
174 77
190 77
190 76
191 76
191 72
188 72
188 69
196 69
196 56
197 56
197 51
193 51
193 61
169 61
169 60
186 60
186 53
160 53
160 37
168 37
168 45
176 45
176 41
185 41
185 40
187 40
187 38
173 38
173 23
137 23
137 24
123 24
123 17
85 17
85 14
88 14
88 16
119 16
119 8
134 8
134 15
147 15
147 4
153 4
153 10
178 10
178 13
189 13
189 12
199 12
199 9
165 9
165 3
149 3
149 2
124 2
124 1
116 1
116 0
111 0
111 5
138 5
138 6
110 6
110 7
107 7
107 11
51 11
51 19
47 19
47 21
84 21
84 22
87 22
87 20
54 20
54 18
115 18
115 26
130 26
130 25
158 25
158 44
144 44
144 39
143 39
143 33
157 33
157 28
155 28
155 27
126 27
126 32
60 32
60 30
44 30
44 29
21 29
21 64
20 64
20 31
19 31
19 35
17 35
17 43
15 43
15 46
12 46
12 50
8 50
8 66
9 66
9 65
23 65
23 49
31 49
31 48
30 48
30 36
41 36
41 52
26 52
26 108
24 108
24 111
5 111
5 106
