1500
0 3
0 7
3 7
3 10
110 10
110 12
114 12
114 9
134 9
134 16
132 16
132 19
100 19
100 18
131 18
131 14
113 14
113 17
9 17
9 13
5 13
5 15
1 15
1 20
159 20
159 11
189 11
189 40
190 40
190 74
194 74
194 84
193 84
193 94
177 94
177 316
173 316
173 446
176 446
176 553
174 553
174 581
171 581
171 487
172 487
172 453
168 453
168 560
167 560
167 626
158 626
158 612
154 612
154 603
153 603
153 557
165 557
165 489
163 489
163 541
152 541
152 481
160 481
160 479
157 479
157 421
139 421
139 399
128 399
128 406
130 406
130 418
112 418
112 462
106 462
106 469
95 469
95 436
93 436
93 565
90 565
90 601
84 601
84 546
82 546
82 434
88 434
88 422
83 422
83 343
144 343
144 346
87 346
87 393
102 393
102 356
89 356
89 348
149 348
149 305
141 305
141 296
162 296
162 292
151 292
151 288
138 288
138 324
127 324
127 276
126 276
126 258
137 258
137 234
124 234
124 334
111 334
111 323
86 323
86 299
105 299
105 267
98 267
98 256
104 256
104 259
123 259
123 165
122 165
122 156
116 156
116 153
67 153
67 155
92 155
92 161
63 161
63 168
65 168
65 181
34 181
34 175
19 175
19 178
13 178
13 174
2 174
2 190
29 190
29 191
4 191
4 192
17 192
17 200
40 200
40 201
44 201
44 186
60 186
60 183
62 183
62 218
64 218
64 254
70 254
70 304
68 304
68 319
75 319
75 544
76 544
76 253
66 253
66 164
85 164
85 179
109 179
109 182
120 182
120 248
80 248
80 289
79 289
79 318
78 318
78 330
99 330
99 335
81 335
81 609
74 609
74 586
72 586
72 564
59 564
59 529
43 529
43 525
45 525
45 521
41 521
41 506
51 506
51 480
54 480
54 466
53 466
53 391
49 391
49 473
47 473
47 491
39 491
39 448
38 448
38 530
50 530
50 549
56 549
56 591
37 591
37 551
30 551
30 538
28 538
28 380
27 380
27 533
26 533
26 558
23 558
23 548
20 548
20 568
33 568
33 569
32 569
32 602
35 602
35 617
42 617
42 634
18 634
18 640
52 640
52 629
55 629
55 639
58 639
58 597
57 597
57 583
69 583
69 588
73 588
73 625
77 625
77 651
7 651
7 659
14 659
14 670
31 670
31 673
46 673
46 688
25 688
25 680
22 680
22 693
21 693
21 694
24 694
24 703
11 703
11 710
12 710
12 705
36 705
36 702
48 702
48 675
71 675
71 657
107 657
107 647
91 647
91 632
94 632
94 605
103 605
103 554
117 554
117 563
119 563
119 547
108 547
108 524
97 524
97 556
96 556
96 508
101 508
101 523
125 523
125 559
133 559
133 561
135 561
135 518
129 518
129 486
115 486
115 472
121 472
121 427
118 427
118 425
147 425
147 426
156 426
156 455
150 455
150 433
145 433
145 496
146 496
146 499
136 499
136 514
140 514
140 535
143 535
143 585
142 585
142 663
148 663
148 665
161 665
161 666
164 666
164 637
166 637
166 636
155 636
155 631
169 631
169 616
170 616
170 593
187 593
187 527
185 527
185 534
184 534
184 505
188 505
188 435
186 435
186 397
182 397
182 444
178 444
178 337
179 337
179 270
180 270
180 224
183 224
183 219
181 219
181 95
195 95
195 152
202 152
202 193
203 193
203 157
206 157
206 127
210 127
210 111
208 111
208 108
204 108
204 144
201 144
201 149
198 149
198 80
200 80
200 79
196 79
196 75
197 75
197 58
244 58
244 91
251 91
251 72
257 72
257 76
259 76
259 97
267 97
267 116
253 116
253 124
235 124
235 162
232 162
232 180
248 180
248 176
263 176
263 188
262 188
262 194
231 194
231 196
243 196
243 205
240 205
240 206
234 206
234 221
233 221
233 280
238 280
238 279
239 279
239 260
241 260
241 243
245 243
245 562
242 562
242 615
222 615
222 488
224 488
224 608
227 608
227 510
226 510
226 371
230 371
230 295
219 295
219 291
229 291
229 120
225 120
225 209
218 209
218 233
228 233
228 287
216 287
216 325
214 325
214 240
212 240
212 251
211 251
211 332
213 332
213 354
215 354
215 537
217 537
217 307
220 307
220 359
223 359
223 478
221 478
221 619
247 619
247 385
252 385
252 383
250 383
250 317
254 317
254 386
256 386
256 262
258 262
258 245
246 245
246 216
265 216
265 242
261 242
261 282
275 282
275 321
274 321
274 294
272 294
272 315
264 315
264 328
270 328
270 363
271 363
271 387
301 387
301 414
299 414
299 447
291 447
291 429
284 429
284 482
285 482
285 573
287 573
287 638
290 638
290 662
289 662
289 726
294 726
294 672
296 672
296 742
310 742
310 718
318 718
318 744
322 744
322 739
328 739
328 712
307 712
307 738
298 738
298 645
297 645
297 579
295 579
295 668
292 668
292 516
300 516
300 483
288 483
288 467
316 467
316 392
315 392
315 452
313 452
313 443
309 443
309 441
306 441
306 375
304 375
304 456
302 456
302 362
305 362
305 333
286 333
286 345
279 345
279 331
278 331
278 339
276 339
276 214
273 214
273 208
255 208
255 204
266 204
266 171
249 171
249 133
236 133
236 129
260 129
260 119
269 119
269 113
303 113
303 103
308 103
308 122
281 122
281 128
283 128
283 130
311 130
311 139
317 139
317 160
329 160
329 311
330 311
330 150
327 150
327 81
326 81
326 140
324 140
324 110
325 110
325 27
333 27
333 28
476 28
476 34
370 34
370 57
340 57
340 52
336 52
336 83
334 83
334 222
332 222
332 273
335 273
335 137
337 137
337 63
359 63
359 65
345 65
345 86
349 86
349 89
355 89
355 82
371 82
371 92
363 92
363 109
346 109
346 115
372 115
372 532
368 532
368 266
369 266
369 230
364 230
364 246
362 246
362 250
352 250
352 300
341 300
341 358
339 358
339 394
338 394
338 408
343 408
343 341
344 341
344 409
353 409
353 415
347 415
347 454
351 454
351 442
354 442
354 417
357 417
357 369
358 369
358 338
342 338
342 310
356 310
356 290
365 290
365 264
366 264
366 329
360 329
360 474
361 474
361 376
367 376
367 552
373 552
373 352
374 352
374 567
375 567
375 594
378 594
378 571
381 571
381 511
380 511
380 237
377 237
377 198
379 198
379 177
376 177
376 44
382 44
382 384
383 384
383 515
384 515
384 45
385 45
385 85
394 85
394 132
392 132
392 135
388 135
388 185
386 185
386 500
387 500
387 595
389 595
389 303
390 303
390 136
391 136
391 187
413 187
413 215
408 215
408 231
425 231
425 271
415 271
415 301
406 301
406 374
397 374
397 423
402 423
402 502
409 502
409 463
410 463
410 320
411 320
411 440
418 440
418 495
419 495
419 519
420 519
420 379
421 379
421 370
422 370
422 522
437 522
437 592
427 592
427 600
424 600
424 604
434 604
434 642
407 642
407 627
401 627
401 646
404 646
404 653
438 653
438 669
436 669
436 674
414 674
414 687
412 687
412 711
433 711
433 730
440 730
440 745
442 745
442 729
439 729
439 464
435 464
435 388
429 388
429 382
423 382
423 272
428 272
428 255
432 255
432 189
426 189
426 170
403 170
403 125
396 125
396 121
398 121
398 107
395 107
395 73
405 73
405 106
430 106
430 93
441 93
441 207
444 207
444 265
447 265
447 268
445 268
445 344
446 344
446 360
451 360
451 517
449 517
449 635
452 635
452 700
455 700
455 695
454 695
454 372
453 372
453 169
450 169
450 118
448 118
448 90
443 90
443 71
417 71
417 70
431 70
431 66
456 66
456 77
457 77
457 62
416 62
416 67
400 67
400 64
393 64
393 59
399 59
399 37
461 37
461 39
464 39
464 147
462 147
462 69
458 69
458 151
465 151
465 163
459 163
459 247
468 247
468 293
471 293
471 263
473 263
473 257
484 257
484 498
481 498
481 575
482 575
482 715
483 715
483 655
491 655
491 658
495 658
495 596
493 596
493 570
489 570
489 439
492 439
492 353
490 353
490 312
496 312
496 336
512 336
512 340
515 340
515 357
521 357
521 364
516 364
516 368
518 368
518 377
507 377
507 431
508 431
508 485
509 485
509 389
529 389
529 412
526 412
526 432
536 432
536 395
540 395
540 390
534 390
534 404
531 404
531 420
533 420
533 424
530 424
530 322
524 322
524 326
511 326
511 327
497 327
497 314
541 314
541 274
544 274
544 244
559 244
559 252
571 252
571 400
569 400
569 313
567 313
567 445
572 445
572 492
573 492
573 490
574 490
574 555
577 555
577 550
579 550
579 540
576 540
576 468
575 468
575 342
578 342
578 396
582 396
582 465
581 465
581 477
584 477
584 449
586 449
586 413
587 413
587 501
585 501
585 574
588 574
588 494
590 494
590 410
591 410
591 405
594 405
594 493
592 493
592 611
593 611
593 621
601 621
601 660
596 660
596 671
598 671
598 690
549 690
549 692
543 692
543 714
545 714
545 748
537 748
537 725
522 725
522 713
517 713
517 728
510 728
510 747
513 747
513 735
535 735
535 746
514 746
514 749
552 749
552 741
551 741
551 740
556 740
556 733
548 733
548 701
565 701
565 709
554 709
554 717
602 717
602 699
605 699
605 689
606 689
606 652
603 652
603 620
600 620
600 610
595 610
595 539
599 539
599 503
597 503
597 398
589 398
589 349
580 349
580 283
583 283
583 275
610 275
610 298
607 298
607 450
612 450
612 401
611 401
611 261
613 261
613 458
614 458
614 708
642 708
642 720
633 720
633 732
644 732
644 724
675 724
675 723
658 723
658 722
652 722
652 721
648 721
648 707
679 707
679 678
678 678
678 679
677 679
677 643
676 643
676 664
666 664
666 419
667 419
667 628
672 628
672 577
670 577
670 513
671 513
671 504
669 504
669 476
668 476
668 381
688 381
688 402
697 402
697 407
693 407
693 451
699 451
699 507
695 507
695 475
683 475
683 484
690 484
690 623
686 623
686 613
684 613
684 644
685 644
685 716
687 716
687 727
689 727
689 676
696 676
696 661
704 661
704 656
705 656
705 618
709 618
709 622
727 622
727 698
725 698
725 648
723 648
723 624
712 624
712 641
721 641
721 697
722 697
722 704
732 704
732 737
733 737
733 734
741 734
741 743
742 743
742 736
743 736
743 731
734 731
734 683
735 683
735 719
737 719
737 706
738 706
738 696
739 696
739 686
740 686
740 685
748 685
748 681
747 681
747 633
746 633
746 649
745 649
745 630
744 630
744 677
729 677
729 614
728 614
728 587
726 587
726 599
724 599
724 607
720 607
720 598
713 598
713 580
708 580
708 582
706 582
706 606
702 606
702 650
692 650
692 542
694 542
694 536
691 536
691 520
703 520
703 512
700 512
700 365
701 365
701 361
698 361
698 355
681 355
681 351
680 351
680 367
665 367
665 654
664 654
664 531
663 531
663 682
662 682
662 578
660 578
660 684
661 684
661 691
615 691
615 416
618 416
618 366
617 366
617 350
621 350
621 667
622 667
622 403
623 403
623 590
626 590
626 528
625 528
625 430
624 430
624 277
627 277
627 309
628 309
628 438
629 438
629 210
630 210
630 281
631 281
631 545
634 545
634 566
637 566
637 584
638 584
638 411
639 411
639 509
640 509
640 543
651 543
651 572
656 572
656 461
655 461
655 457
653 457
653 526
650 526
650 497
645 497
645 470
643 470
643 460
647 460
647 437
657 437
657 428
641 428
641 378
654 378
654 347
649 347
649 373
636 373
636 471
635 471
635 459
632 459
632 203
620 203
620 227
616 227
616 146
718 146
718 42
749 42
749 41
736 41
736 30
731 30
731 32
682 32
682 22
674 22
674 21
673 21
673 33
730 33
730 35
719 35
719 38
714 38
714 47
710 47
710 48
715 48
715 87
711 87
711 99
716 99
716 100
717 100
717 123
707 123
707 143
659 143
659 134
646 134
646 138
619 138
619 145
604 145
604 148
608 148
608 212
609 212
609 238
564 238
564 232
561 232
561 225
558 225
558 220
555 220
555 211
563 211
563 159
570 159
570 142
568 142
568 154
566 154
566 104
553 104
553 101
547 101
547 114
560 114
560 158
562 158
562 166
557 166
557 195
542 195
542 199
525 199
525 213
506 213
506 217
505 217
505 228
519 228
519 226
527 226
527 202
546 202
546 223
532 223
532 235
550 235
550 236
539 236
539 269
538 269
538 308
523 308
523 306
528 306
528 284
520 284
520 297
501 297
501 302
500 302
500 285
499 285
499 278
494 278
494 286
488 286
488 576
487 576
487 589
485 589
485 249
474 249
474 241
477 241
477 229
467 229
467 239
463 239
463 197
460 197
460 184
480 184
480 173
478 173
478 141
475 141
475 167
472 167
472 172
470 172
470 126
466 126
466 56
469 56
469 61
498 61
498 88
504 88
504 60
502 60
502 53
503 53
503 51
486 51
486 36
479 36
479 26
350 26
350 24
348 24
348 25
331 25
331 23
320 23
320 29
323 29
323 78
319 78
319 102
321 102
321 131
312 131
312 117
314 117
314 98
293 98
293 105
282 105
282 96
280 96
280 112
277 112
277 68
268 68
268 55
237 55
237 54
209 54
209 43
205 43
205 31
199 31
199 46
207 46
207 50
191 50
191 49
192 49
192 8
175 8
175 6
61 6
61 4
16 4
16 2
15 2
15 1
10 1
10 5
8 5
8 0
6 0
6 3
