500
0 127
0 151
1 151
1 156
3 156
3 192
5 192
5 196
16 196
16 183
21 183
21 177
35 177
35 190
40 190
40 182
43 182
43 142
45 142
45 178
49 178
49 175
51 175
51 176
52 176
52 155
47 155
47 136
42 136
42 119
56 119
56 121
60 121
60 150
62 150
62 173
63 173
63 116
65 116
65 129
71 129
71 131
64 131
64 134
83 134
83 141
86 141
86 170
90 170
90 162
92 162
92 163
108 163
108 187
112 187
112 188
113 188
113 203
72 203
72 204
132 204
132 197
134 197
134 194
127 194
127 171
128 171
128 164
136 164
136 167
158 167
158 198
156 198
156 169
153 169
153 185
144 185
144 193
145 193
145 205
165 205
165 199
182 199
182 191
183 191
183 166
180 166
180 153
177 153
177 195
176 195
176 140
172 140
172 186
168 186
168 181
159 181
159 96
171 96
171 102
187 102
187 98
195 98
195 106
200 106
200 84
225 84
225 99
224 99
224 105
222 105
222 108
212 108
212 110
211 110
211 137
215 137
215 111
217 111
217 135
227 135
227 146
219 146
219 148
216 148
216 189
218 189
218 152
229 152
229 206
223 206
223 209
221 209
221 212
161 212
161 210
150 210
150 211
141 211
141 214
34 214
34 215
44 215
44 216
89 216
89 220
84 220
84 218
59 218
59 221
82 221
82 222
69 222
69 227
68 227
68 229
54 229
54 232
75 232
75 223
95 223
95 233
96 233
96 236
117 236
117 238
97 238
97 239
106 239
106 242
133 242
133 240
130 240
130 237
190 237
190 243
102 243
102 244
98 244
98 245
178 245
178 246
202 246
202 247
198 247
198 249
205 249
205 234
207 234
207 248
208 248
208 241
210 241
210 226
241 226
241 225
116 225
116 224
105 224
105 228
204 228
204 231
110 231
110 235
103 235
103 230
104 230
104 217
233 217
233 219
242 219
242 213
230 213
230 208
245 208
245 207
247 207
247 202
249 202
249 200
246 200
246 184
236 184
236 144
239 144
239 143
243 143
243 139
237 139
237 128
235 128
235 201
231 201
231 107
226 107
226 83
191 83
191 77
203 77
203 76
196 76
196 74
184 74
184 78
179 78
179 80
174 80
174 88
169 88
169 85
164 85
164 90
142 90
142 103
146 103
146 94
149 94
149 100
151 100
151 114
152 114
152 118
155 118
155 160
143 160
143 154
138 154
138 149
125 149
125 161
120 161
120 179
114 179
114 159
101 159
101 157
93 157
93 124
107 124
107 112
115 112
115 97
100 97
100 123
94 123
94 93
88 93
88 147
87 147
87 132
77 132
77 115
81 115
81 86
80 86
80 91
78 91
78 87
38 87
38 89
33 89
33 81
31 81
31 75
29 75
29 50
48 50
48 48
122 48
122 47
137 47
137 49
135 49
135 56
111 56
111 58
131 58
131 59
91 59
91 63
66 63
66 73
99 73
99 69
147 69
147 64
109 64
109 60
140 60
140 53
173 53
173 61
186 61
186 54
197 54
197 66
232 66
232 68
240 68
240 70
244 70
244 67
234 67
234 62
209 62
209 57
206 57
206 52
175 52
175 51
166 51
166 42
170 42
170 44
238 44
238 43
220 43
220 41
214 41
214 36
199 36
199 37
123 37
123 39
163 39
163 46
28 46
28 40
32 40
32 38
36 38
36 18
50 18
50 20
73 20
73 22
74 22
74 21
79 21
79 6
118 6
118 14
139 14
139 16
124 16
124 23
85 23
85 25
189 25
189 15
192 15
192 26
181 26
181 28
154 28
154 35
157 35
157 29
188 29
188 32
194 32
194 34
213 34
213 33
248 33
248 30
228 30
228 31
201 31
201 24
193 24
193 13
148 13
148 12
126 12
126 10
162 10
162 9
160 9
160 7
129 7
129 5
185 5
185 4
167 4
167 1
121 1
121 0
119 0
119 3
70 3
70 11
61 11
61 8
55 8
55 2
46 2
46 17
23 17
23 19
8 19
8 45
7 45
7 55
10 55
10 71
13 71
13 79
19 79
19 72
14 72
14 27
24 27
24 65
26 65
26 82
22 82
22 92
58 92
58 95
76 95
76 101
67 101
67 104
57 104
57 109
53 109
53 113
41 113
41 133
37 133
37 130
30 130
30 122
18 122
18 125
17 125
17 126
25 126
25 138
27 138
27 145
39 145
39 158
20 158
20 180
6 180
6 165
9 165
9 174
11 174
11 172
15 172
15 168
12 168
12 117
4 117
4 120
2 120
2 127
