3000
0 1498
0 1499
92 1499
92 1490
86 1490
86 1487
85 1487
85 1492
77 1492
77 1411
339 1411
339 1409
447 1409
447 1415
148 1415
148 1417
283 1417
283 1428
475 1428
475 1427
599 1427
599 1424
839 1424
839 1431
862 1431
862 1440
647 1440
647 1441
838 1441
838 1443
414 1443
414 1439
351 1439
351 1437
139 1437
139 1457
131 1457
131 1462
171 1462
171 1469
424 1469
424 1468
646 1468
646 1467
1077 1467
1077 1470
971 1470
971 1471
944 1471
944 1473
826 1473
826 1472
627 1472
627 1475
572 1475
572 1477
410 1477
410 1486
407 1486
407 1495
433 1495
433 1484
724 1484
724 1485
663 1485
663 1488
814 1488
814 1494
858 1494
858 1493
895 1493
895 1483
597 1483
597 1482
517 1482
517 1481
1044 1481
1044 1480
670 1480
670 1478
690 1478
690 1476
744 1476
744 1474
1156 1474
1156 1479
1165 1479
1165 1463
996 1463
996 1436
1187 1436
1187 1447
1213 1447
1213 1489
1217 1489
1217 1496
1223 1496
1223 1451
1218 1451
1218 1435
1063 1435
1063 1434
1033 1434
1033 1432
985 1432
985 1442
994 1442
994 1465
703 1465
703 1460
548 1460
548 1464
460 1464
460 1455
432 1455
432 1450
314 1450
314 1458
336 1458
336 1452
338 1452
338 1453
354 1453
354 1456
379 1456
379 1459
457 1459
457 1461
282 1461
282 1466
173 1466
173 1438
348 1438
348 1444
607 1444
607 1448
765 1448
765 1449
827 1449
827 1446
817 1446
817 1445
884 1445
884 1421
890 1421
890 1425
907 1425
907 1413
913 1413
913 1384
912 1384
912 1412
723 1412
723 1406
691 1406
691 1404
721 1404
721 1396
707 1396
707 1392
640 1392
640 1405
639 1405
639 1414
881 1414
881 1433
880 1433
880 1418
710 1418
710 1419
632 1419
632 1416
578 1416
578 1422
570 1422
570 1397
520 1397
520 1398
558 1398
558 1423
556 1423
556 1426
469 1426
469 1401
347 1401
347 1403
307 1403
307 1407
212 1407
212 1400
128 1400
128 1399
75 1399
75 1387
71 1387
71 1353
84 1353
84 1385
103 1385
103 1393
137 1393
137 1391
195 1391
195 1388
167 1388
167 1378
180 1378
180 1383
231 1383
231 1381
236 1381
236 1379
204 1379
204 1375
197 1375
197 1371
155 1371
155 1376
95 1376
95 1345
406 1345
406 1359
286 1359
286 1380
322 1380
322 1386
356 1386
356 1362
394 1362
394 1373
441 1373
441 1367
452 1367
452 1382
477 1382
477 1377
543 1377
543 1372
521 1372
521 1366
506 1366
506 1369
472 1369
472 1365
636 1365
636 1364
624 1364
624 1358
464 1358
464 1354
719 1354
719 1389
732 1389
732 1374
743 1374
743 1361
749 1361
749 1370
752 1370
752 1357
754 1357
754 1349
781 1349
781 1341
774 1341
774 1327
705 1327
705 1324
785 1324
785 1323
800 1323
800 1320
815 1320
815 1322
1008 1322
1008 1326
943 1326
943 1330
847 1330
847 1331
823 1331
823 1340
835 1340
835 1355
849 1355
849 1348
854 1348
854 1368
860 1368
860 1363
874 1363
874 1335
899 1335
899 1346
931 1346
931 1333
951 1333
951 1329
1053 1329
1053 1328
1059 1328
1059 1325
1062 1325
1062 1318
964 1318
964 1314
1071 1314
1071 1307
1103 1307
1103 1305
1066 1305
1066 1308
1032 1308
1032 1312
1030 1312
1030 1304
1024 1304
1024 1299
868 1299
868 1295
804 1295
804 1294
467 1294
467 1293
261 1293
261 1292
152 1292
152 1291
761 1291
761 1289
806 1289
806 1288
946 1288
946 1290
1017 1290
1017 1287
687 1287
687 1286
325 1286
325 1285
90 1285
90 1283
129 1283
129 1282
340 1282
340 1280
189 1280
189 1279
91 1279
91 1278
89 1278
89 1281
69 1281
69 1271
828 1271
828 1272
259 1272
259 1274
1069 1274
1069 1273
1155 1273
1155 1253
1056 1253
1056 1251
1157 1251
1157 1252
1271 1252
1271 1276
1220 1276
1220 1275
782 1275
782 1277
1318 1277
1318 1244
1327 1244
1327 1211
1338 1211
1338 1209
1321 1209
1321 1183
1323 1183
1323 1204
1325 1204
1325 1180
1371 1180
1371 1120
1363 1120
1363 1116
1383 1116
1383 1162
1384 1162
1384 1145
1385 1145
1385 1100
1398 1100
1398 1098
1373 1098
1373 1092
1413 1092
1413 1084
1410 1084
1410 1085
1372 1085
1372 1106
1341 1106
1341 1124
1369 1124
1369 1179
1330 1179
1330 1173
1313 1173
1313 1151
1328 1151
1328 1144
1315 1144
1315 1139
1229 1139
1229 1146
1133 1146
1133 1126
1231 1126
1231 1119
1234 1119
1234 1134
1262 1134
1262 1131
1236 1131
1236 1118
1230 1118
1230 1117
1172 1117
1172 1113
1202 1113
1202 1112
1210 1112
1210 1109
1198 1109
1198 1099
1168 1099
1168 1093
1147 1093
1147 1125
1107 1125
1107 1127
1061 1127
1061 1121
1039 1121
1039 1114
1106 1114
1106 1107
1036 1107
1036 1133
1029 1133
1029 1088
989 1088
989 1071
949 1071
949 1070
975 1070
975 1057
980 1057
980 1055
940 1055
940 1014
1012 1014
1012 1023
1026 1023
1026 1007
1067 1007
1067 1025
1096 1025
1096 1034
1084 1034
1084 1041
1100 1041
1100 1037
1104 1037
1104 1047
1111 1047
1111 1050
1178 1050
1178 1049
1225 1049
1225 1045
1153 1045
1153 1031
1123 1031
1123 1020
1115 1020
1115 1013
1099 1013
1099 1009
1097 1009
1097 1006
1087 1006
1087 1010
1083 1010
1083 997
1175 997
1175 987
1116 987
1116 984
1082 984
1082 976
1112 976
1112 977
1163 977
1163 973
1209 973
1209 936
1152 936
1152 927
1145 927
1145 922
1143 922
1143 923
1073 923
1073 921
1208 921
1208 916
1190 916
1190 919
952 919
952 917
973 917
973 915
977 915
977 914
1189 914
1189 912
1085 912
1085 910
967 910
967 905
1086 905
1086 895
1192 895
1192 892
1093 892
1093 889
1135 889
1135 888
938 888
938 887
915 887
915 875
954 875
954 873
1124 873
1124 861
1136 861
1136 853
1224 853
1224 874
1232 874
1232 872
1246 872
1246 899
1256 899
1256 937
1265 937
1265 955
1279 955
1279 963
1292 963
1292 954
1294 954
1294 981
1305 981
1305 979
1300 979
1300 978
1312 978
1312 949
1310 949
1310 951
1270 951
1270 847
1266 847
1266 925
1259 925
1259 838
1263 838
1263 797
1273 797
1273 826
1287 826
1287 798
1332 798
1332 801
1334 801
1334 824
1333 824
1333 805
1314 805
1314 825
1351 825
1351 842
1391 842
1391 877
1408 877
1408 863
1393 863
1393 846
1404 846
1404 818
1409 818
1409 812
1419 812
1419 816
1416 816
1416 843
1423 843
1423 837
1427 837
1427 828
1417 828
1417 819
1453 819
1453 720
1463 720
1463 749
1466 749
1466 726
1471 726
1471 703
1476 703
1476 663
1481 663
1481 659
1472 659
1472 624
1489 624
1489 587
1485 587
1485 617
1469 617
1469 555
1470 555
1470 548
1488 548
1488 564
1498 564
1498 567
1499 567
1499 553
1496 553
1496 536
1494 536
1494 511
1491 511
1491 507
1495 507
1495 506
1493 506
1493 480
1475 480
1475 494
1459 494
1459 473
1458 473
1458 447
1457 447
1457 466
1451 466
1451 444
1331 444
1331 446
1366 446
1366 450
1429 450
1429 464
1432 464
1432 465
1435 465
1435 454
1440 454
1440 457
1444 457
1444 487
1456 487
1456 508
1480 508
1480 512
1492 512
1492 514
1474 514
1474 516
1473 516
1473 517
1436 517
1436 524
1447 524
1447 526
1486 526
1486 534
1487 534
1487 531
1490 531
1490 544
1421 544
1421 459
1415 459
1415 463
1420 463
1420 533
1418 533
1418 574
1460 574
1460 569
1422 569
1422 545
1468 545
1468 575
1424 575
1424 600
1437 600
1437 631
1445 631
1445 610
1449 610
1449 605
1439 605
1439 599
1433 599
1433 582
1441 582
1441 592
1442 592
1442 580
1467 580
1467 688
1465 688
1465 712
1454 712
1454 706
1455 706
1455 709
1462 709
1462 683
1464 683
1464 655
1461 655
1461 653
1450 653
1450 677
1448 677
1448 648
1438 648
1438 737
1434 737
1434 746
1452 746
1452 762
1386 762
1386 761
1362 761
1362 771
1350 771
1350 778
1151 778
1151 779
1051 779
1051 780
1211 780
1211 781
1065 781
1065 791
1237 791
1237 788
1244 788
1244 787
1221 787
1221 786
1216 786
1216 790
1068 790
1068 782
1098 782
1098 785
1426 785
1426 765
1428 765
1428 792
1446 792
1446 808
1397 808
1397 830
1387 830
1387 823
1379 823
1379 839
1368 839
1368 840
1355 840
1355 820
1359 820
1359 817
1347 817
1347 814
1345 814
1345 811
1337 811
1337 795
1257 795
1257 851
1164 851
1164 849
1144 849
1144 845
1117 845
1117 857
1109 857
1109 848
1052 848
1052 855
1042 855
1042 869
906 869
906 893
1041 893
1041 897
901 897
901 901
1079 901
1079 904
918 904
918 911
894 911
894 918
936 918
936 920
974 920
974 940
1010 940
1010 939
1020 939
1020 934
991 934
991 933
976 933
976 931
997 931
997 932
1025 932
1025 935
1027 935
1027 929
1038 929
1038 930
1130 930
1130 924
1140 924
1140 938
1201 938
1201 972
1193 972
1193 965
1076 965
1076 968
1060 968
1060 975
1048 975
1048 985
1075 985
1075 1024
1072 1024
1072 1011
1074 1011
1074 993
990 993
990 986
983 986
983 1001
960 1001
960 1004
1009 1004
1009 1012
930 1012
930 1080
886 1080
886 1063
857 1063
857 1033
852 1033
852 1044
843 1044
843 969
841 969
841 970
830 970
830 1060
848 1060
848 1062
821 1062
821 1015
819 1015
819 1058
816 1058
816 1054
813 1054
813 1056
802 1056
802 1048
799 1048
799 1029
796 1029
796 880
747 880
747 867
728 867
728 866
734 866
734 859
737 859
737 681
766 681
766 699
768 699
768 680
727 680
727 870
726 870
726 884
689 884
689 882
715 882
715 876
693 876
693 800
708 800
708 772
682 772
682 766
680 766
680 850
683 850
683 885
739 885
739 900
716 900
716 1036
714 1036
714 998
712 998
712 898
702 898
702 991
700 991
700 964
698 964
698 1035
694 1035
694 1074
692 1074
692 1082
695 1082
695 1046
697 1046
697 1148
668 1148
668 1115
674 1115
674 1038
665 1038
665 1005
657 1005
657 913
654 913
654 864
666 864
666 947
673 947
673 994
678 994
678 707
679 707
679 687
656 687
656 685
642 685
642 651
641 651
641 645
643 645
643 637
630 637
630 566
619 566
619 547
600 547
600 571
602 571
602 576
604 576
604 626
605 626
605 557
606 557
606 561
612 561
612 633
610 633
610 752
609 752
609 627
608 627
608 1154
617 1154
617 1177
601 1177
601 1159
584 1159
584 1129
594 1129
594 1051
582 1051
582 1078
552 1078
552 1027
561 1027
561 1002
559 1002
559 953
560 953
560 952
553 952
553 941
534 941
534 865
532 865
532 860
554 860
554 858
562 858
562 832
563 832
563 856
564 856
564 831
555 831
555 844
544 844
544 784
540 784
540 770
539 770
539 751
538 751
538 698
536 698
536 760
535 760
535 821
525 821
525 1102
483 1102
483 1053
486 1053
486 1032
511 1032
511 966
501 966
501 702
503 702
503 769
509 769
509 738
512 738
512 563
508 563
508 491
526 491
526 489
485 489
485 485
545 485
545 509
576 509
576 490
589 490
589 570
585 570
585 559
581 559
581 601
579 601
579 603
575 603
575 594
574 594
574 607
577 607
577 616
586 616
586 612
598 612
598 606
596 606
596 549
591 549
591 478
567 478
567 486
565 486
565 468
550 468
550 483
491 483
491 482
463 482
463 477
458 477
458 471
421 471
421 462
417 462
417 472
453 472
453 474
403 474
403 476
401 476
401 475
387 475
387 492
386 492
386 535
380 535
380 585
389 585
389 588
391 588
391 608
392 608
392 577
423 577
423 632
393 632
393 662
400 662
400 660
402 660
402 686
399 686
399 692
397 692
397 701
367 701
367 650
369 650
369 426
372 426
372 641
376 641
376 639
377 639
377 583
375 583
375 394
374 394
374 331
371 331
371 190
357 190
357 166
332 166
332 182
318 182
318 164
313 164
313 205
294 205
294 176
293 176
293 162
290 162
290 148
285 148
285 113
228 113
228 114
201 114
201 94
179 94
179 97
122 97
122 96
161 96
161 95
140 95
140 48
150 48
150 85
172 85
172 82
219 82
219 83
278 83
278 89
292 89
292 59
315 59
315 60
341 60
341 54
309 54
309 44
277 44
277 69
192 69
192 70
163 70
163 31
190 31
190 33
418 33
418 58
430 58
430 77
422 77
422 90
411 90
411 91
398 91
398 92
420 92
420 100
444 100
444 102
514 102
514 103
502 103
502 125
490 125
490 106
478 106
478 112
473 112
473 157
462 157
462 144
454 144
454 110
412 110
412 117
429 117
429 118
440 118
440 160
437 160
437 204
557 204
557 207
580 207
580 201
672 201
672 200
713 200
713 212
651 212
651 214
725 214
725 215
738 215
738 216
706 216
706 218
704 218
704 219
573 219
573 226
628 226
628 244
685 244
685 243
633 243
633 223
711 223
711 222
760 222
760 203
795 203
795 198
784 198
784 186
793 186
793 158
845 158
845 195
864 195
864 209
865 209
865 264
855 264
855 294
859 294
859 304
871 304
871 328
829 328
829 333
853 333
853 357
803 357
803 352
832 352
832 342
797 342
797 349
757 349
757 350
756 350
756 353
730 353
730 354
755 354
755 356
788 356
788 360
684 360
684 361
735 361
735 362
634 362
634 367
439 367
439 399
442 399
442 429
448 429
448 423
450 423
450 375
446 375
446 368
470 368
470 370
613 370
613 369
789 369
789 358
837 358
837 359
818 359
818 366
836 366
836 374
851 374
851 383
861 383
861 378
867 378
867 372
850 372
850 371
875 371
875 387
933 387
933 384
962 384
962 363
992 363
992 381
1000 381
1000 373
995 373
995 351
953 351
953 332
978 332
978 321
961 321
961 319
1002 319
1002 324
1005 324
1005 317
1199 317
1199 314
1240 314
1240 391
1206 391
1206 335
1194 335
1194 334
1177 334
1177 336
1176 336
1176 337
1173 337
1173 340
1182 340
1182 344
1181 344
1181 376
1132 376
1132 377
1179 377
1179 395
1180 395
1180 409
1014 409
1014 404
1003 404
1003 398
988 398
988 396
681 396
681 428
688 428
688 425
696 425
696 400
718 400
718 402
762 402
762 410
794 410
794 416
903 416
903 420
942 420
942 421
984 421
984 419
941 419
941 415
878 415
878 403
824 403
824 397
891 397
891 401
900 401
900 413
924 413
924 414
926 414
926 406
963 406
963 407
999 407
999 411
1137 411
1137 422
1171 422
1171 418
1186 418
1186 392
1245 392
1245 348
1247 348
1247 347
1241 347
1241 309
1028 309
1028 301
987 301
987 300
968 300
968 302
966 302
966 303
959 303
959 307
945 307
945 308
919 308
919 310
1114 310
1114 311
1183 311
1183 315
1185 315
1185 316
896 316
896 289
908 289
908 298
922 298
922 293
1119 293
1119 295
1141 295
1141 290
1110 290
1110 291
929 291
929 292
921 292
921 266
1016 266
1016 273
1040 273
1040 277
1197 277
1197 278
1142 278
1142 282
1215 282
1215 281
1226 281
1226 275
1249 275
1249 211
1251 211
1251 137
1252 137
1252 161
1253 161
1253 206
1258 206
1258 132
1264 132
1264 119
1250 119
1250 111
1254 111
1254 79
1169 79
1169 76
1261 76
1261 109
1272 109
1272 99
1289 99
1289 80
1293 80
1293 46
1309 46
1309 51
1311 51
1311 208
1317 208
1317 236
1306 236
1306 241
1304 241
1304 177
1302 177
1302 181
1301 181
1301 280
1295 280
1295 297
1320 297
1320 47
1336 47
1336 64
1335 64
1335 116
1340 116
1340 75
1339 75
1339 50
1343 50
1343 72
1344 72
1344 191
1353 191
1353 239
1357 239
1357 240
1356 240
1356 242
1352 242
1352 305
1354 305
1354 306
1361 306
1361 279
1394 279
1394 286
1399 286
1399 288
1381 288
1381 346
1389 346
1389 365
1390 365
1390 364
1400 364
1400 343
1405 343
1405 386
1425 386
1425 390
1477 390
1477 412
1478 412
1478 430
1329 430
1329 432
1228 432
1228 434
1018 434
1018 438
1035 438
1035 439
1078 439
1078 441
1122 441
1122 440
1274 440
1274 437
1316 437
1316 436
1298 436
1298 435
1319 435
1319 433
1479 433
1479 427
1482 427
1482 431
1483 431
1483 424
1497 424
1497 385
1484 385
1484 382
1407 382
1407 345
1443 345
1443 339
1431 339
1431 338
1402 338
1402 327
1430 327
1430 323
1382 323
1382 312
1414 312
1414 271
1412 271
1412 284
1395 284
1395 268
1396 268
1396 261
1406 261
1406 238
1401 238
1401 163
1403 163
1403 151
1377 151
1377 128
1380 128
1380 143
1388 143
1388 108
1367 108
1367 101
1411 101
1411 98
1375 98
1375 81
1365 81
1365 169
1374 169
1374 187
1364 187
1364 154
1360 154
1360 193
1370 193
1370 217
1376 217
1376 173
1392 173
1392 232
1378 232
1378 225
1358 225
1358 168
1349 168
1349 171
1348 171
1348 25
1346 25
1346 32
1308 32
1308 35
1291 35
1291 1
1342 1
1342 0
1278 0
1278 12
1275 12
1275 42
1283 42
1283 49
1285 49
1285 56
1269 56
1269 43
1239 43
1239 61
1267 61
1267 66
1282 66
1282 71
1219 71
1219 73
1148 73
1148 38
1150 38
1150 53
1161 53
1161 63
1222 63
1222 57
1204 57
1204 30
1200 30
1200 62
1167 62
1167 41
1160 41
1160 37
1159 37
1159 19
1158 19
1158 14
1162 14
1162 13
1154 13
1154 24
1149 24
1149 5
1146 5
1146 36
1120 36
1120 4
1070 4
1070 18
1094 18
1094 23
1057 23
1057 39
1081 39
1081 40
1134 40
1134 52
1090 52
1090 67
1095 67
1095 55
1127 55
1127 78
1139 78
1139 86
1248 86
1248 250
1166 250
1166 246
1138 246
1138 237
1174 237
1174 235
1196 235
1196 213
1205 213
1205 196
1214 196
1214 185
1212 185
1212 174
1195 174
1195 126
1188 126
1188 123
1011 123
1011 127
1108 127
1108 130
1091 130
1091 129
1037 129
1037 139
1126 139
1126 134
1170 134
1170 140
1184 140
1184 170
1191 170
1191 230
1102 230
1102 231
1092 231
1092 233
1080 233
1080 227
1055 227
1055 247
1049 247
1049 221
1047 221
1047 234
1045 234
1045 228
1022 228
1022 224
1021 224
1021 249
1006 249
1006 202
998 202
998 229
955 229
955 253
934 253
934 254
956 254
956 251
1121 251
1121 252
1125 252
1125 255
1235 255
1235 274
1058 274
1058 258
1043 258
1043 265
937 265
937 259
914 259
914 263
917 263
917 285
909 285
909 287
887 287
887 146
885 146
885 329
928 329
928 326
948 326
948 341
892 341
892 379
876 379
876 320
879 320
879 313
877 313
877 267
873 267
873 188
869 188
869 180
856 180
856 142
801 142
801 145
825 145
825 149
840 149
840 155
777 155
777 141
745 141
745 150
753 150
753 152
742 152
742 153
583 153
583 156
780 156
780 172
764 172
764 183
729 183
729 178
524 178
524 175
499 175
499 179
587 179
587 184
722 184
722 194
652 194
652 199
568 199
568 197
443 197
443 167
445 167
445 165
476 165
476 147
481 147
481 136
488 136
488 131
507 131
507 135
515 135
515 93
455 93
455 88
426 88
426 87
449 87
449 74
438 74
438 34
529 34
529 104
530 104
530 20
496 20
496 11
434 11
434 27
214 27
214 21
288 21
288 10
435 10
435 9
299 9
299 2
181 2
181 3
177 3
177 7
166 7
166 15
193 15
193 8
186 8
186 6
270 6
270 17
199 17
199 22
162 22
162 16
160 16
160 26
157 26
157 65
156 65
156 84
153 84
153 28
120 28
120 29
121 29
121 45
117 45
117 68
111 68
111 105
112 105
112 115
119 115
119 107
130 107
130 121
132 121
132 124
164 124
164 122
168 122
168 120
223 120
223 133
275 133
275 159
268 159
268 138
266 138
266 260
257 260
257 220
243 220
243 262
209 262
209 257
241 257
241 248
218 248
218 245
206 245
206 256
198 256
198 269
220 269
220 276
237 276
237 283
238 283
238 299
252 299
252 296
262 296
262 272
276 272
276 189
289 189
289 270
298 270
298 210
330 210
330 192
370 192
370 318
362 318
362 380
360 380
360 417
361 417
361 458
358 458
358 405
353 405
353 393
350 393
350 325
326 325
326 322
308 322
308 330
311 330
311 355
319 355
319 388
345 388
345 469
346 469
346 443
349 443
349 500
352 500
352 529
355 529
355 497
363 497
363 389
373 389
373 408
368 408
368 537
366 537
366 597
365 597
365 643
364 643
364 727
310 727
310 724
295 724
295 721
271 721
271 691
267 691
267 630
272 630
272 710
305 710
305 708
279 708
279 689
284 689
284 682
280 682
280 672
274 672
274 705
273 705
273 628
264 628
264 657
256 657
256 730
248 730
248 696
246 696
246 700
230 700
230 695
227 695
227 595
211 595
211 586
250 586
250 591
260 591
260 589
258 589
258 581
188 581
188 579
170 579
170 578
191 578
191 572
158 572
158 609
159 609
159 615
175 615
175 649
185 649
185 656
135 656
135 621
142 621
142 584
144 584
144 556
182 556
182 551
196 551
196 528
178 528
178 525
176 525
176 546
151 546
151 539
149 539
149 518
165 518
165 503
124 503
124 479
123 479
123 461
115 461
115 470
113 470
113 499
98 499
98 501
97 501
97 502
96 502
96 540
99 540
99 558
94 558
94 565
100 565
100 521
107 521
107 510
109 510
109 504
143 504
143 515
138 515
138 520
125 520
125 532
141 532
141 543
145 543
145 554
136 554
136 560
118 560
118 573
133 573
133 671
79 671
79 665
78 665
78 661
58 661
58 654
108 654
108 652
47 652
47 642
93 642
93 640
82 640
82 622
74 622
74 625
56 625
56 629
68 629
68 634
27 634
27 550
25 550
25 519
29 519
29 513
38 513
38 449
57 449
57 456
51 456
51 602
52 602
52 530
55 530
55 460
62 460
62 453
61 453
61 448
80 448
80 445
70 445
70 442
36 442
36 481
35 481
35 496
28 496
28 467
18 467
18 451
2 451
2 452
3 452
3 455
16 455
16 488
9 488
9 505
14 505
14 522
19 522
19 498
23 498
23 593
21 593
21 527
20 527
20 604
5 604
5 618
6 618
6 667
7 667
7 731
34 731
34 739
17 739
17 740
12 740
12 741
1 741
1 756
4 756
4 750
44 750
44 753
30 753
30 763
87 763
87 758
106 758
106 757
60 757
60 755
127 755
127 747
105 747
105 745
146 745
146 743
102 743
102 754
46 754
46 736
48 736
48 719
49 719
49 735
73 735
73 725
65 725
65 714
54 714
54 718
8 718
8 704
10 704
10 715
24 715
24 679
32 679
32 697
37 697
37 678
15 678
15 668
11 668
11 611
13 611
13 613
26 613
26 636
22 636
22 638
39 638
39 670
66 670
66 675
114 675
114 694
116 694
116 674
101 674
101 673
154 673
154 666
200 666
200 646
194 646
194 635
184 635
184 590
203 590
203 598
221 598
221 596
225 596
225 690
222 690
222 742
217 742
217 744
216 744
216 748
205 748
205 728
207 728
207 676
213 676
213 614
202 614
202 767
208 767
208 803
210 803
210 764
215 764
215 799
226 799
226 868
229 868
229 891
239 891
239 906
245 906
245 928
244 928
244 961
253 961
253 902
249 902
249 854
232 854
232 841
240 841
240 835
251 835
251 829
321 829
321 836
329 836
329 834
335 834
335 879
333 879
333 883
328 883
328 894
297 894
297 948
296 948
296 990
287 990
287 1017
291 1017
291 1018
301 1018
301 1042
302 1042
302 1022
304 1022
304 957
306 957
306 903
312 903
312 950
320 950
320 943
324 943
324 896
331 896
331 886
334 886
334 881
342 881
342 822
378 822
378 907
382 907
382 1028
385 1028
385 971
383 971
383 809
344 809
344 759
337 759
337 777
327 777
327 783
323 783
323 827
254 827
254 815
316 815
316 813
303 813
303 810
317 810
317 804
242 804
242 796
255 796
255 802
300 802
300 789
281 789
281 793
269 793
269 773
265 773
265 774
263 774
263 794
224 794
224 734
233 734
233 733
234 733
234 717
247 717
247 732
388 732
388 711
408 711
408 647
416 647
416 644
419 644
419 664
436 664
436 552
431 552
431 542
428 542
428 541
427 541
427 538
415 538
415 568
390 568
390 562
413 562
413 523
405 523
405 484
479 484
479 493
451 493
451 495
500 495
500 619
497 619
497 623
510 623
510 729
504 729
504 684
498 684
498 995
494 995
494 942
493 942
493 992
492 992
492 988
487 988
487 982
482 982
482 1108
480 1108
480 1000
474 1000
474 1096
471 1096
471 1163
484 1163
484 1110
505 1110
505 1174
489 1174
489 1198
465 1198
465 1203
466 1203
466 1215
495 1215
495 1216
518 1216
518 1201
522 1201
522 1176
516 1176
516 1132
519 1132
519 1147
523 1147
523 1143
527 1143
527 871
533 871
533 983
541 983
541 1021
546 1021
546 996
547 996
547 1030
549 1030
549 960
551 960
551 1091
569 1091
569 1169
566 1169
566 1190
571 1190
571 1207
588 1207
588 1192
593 1192
593 1206
623 1206
623 1160
622 1160
622 1086
621 1086
621 1069
626 1069
626 1064
625 1064
625 962
618 962
618 967
615 967
615 974
616 974
616 980
614 980
614 807
620 807
620 620
629 620
629 658
638 658
638 693
635 693
635 669
631 669
631 713
637 713
637 716
644 716
644 768
653 768
653 722
660 722
660 723
671 723
671 775
661 775
661 776
669 776
669 806
675 806
675 833
662 833
662 852
676 852
676 878
667 878
667 862
650 862
650 890
648 890
648 1008
645 1008
645 1039
649 1039
649 1067
655 1067
655 1019
659 1019
659 1111
664 1111
664 1167
658 1167
658 1171
686 1171
686 1175
699 1175
699 1003
709 1003
709 1059
771 1059
771 1065
720 1065
720 1083
733 1083
733 1072
759 1072
759 1075
746 1075
746 1212
748 1212
748 1166
772 1166
772 1095
750 1095
750 1077
770 1077
770 1094
776 1094
776 1026
775 1026
775 989
773 989
773 1052
736 1052
736 1043
767 1043
767 1040
731 1040
731 1016
717 1016
717 926
741 926
741 956
751 956
751 909
740 909
740 908
758 908
758 945
778 945
778 944
791 944
791 946
787 946
787 958
786 958
786 959
792 959
792 999
790 999
790 1061
809 1061
809 1079
805 1079
805 1097
807 1097
807 1168
820 1168
820 1105
834 1105
834 1140
833 1140
833 1184
798 1184
798 1210
810 1210
810 1214
808 1214
808 1217
812 1217
812 1194
822 1194
822 1193
842 1193
842 1202
910 1202
910 1199
923 1199
923 1197
1015 1197
1015 1196
981 1196
981 1189
1031 1189
1031 1188
957 1188
957 1191
904 1191
904 1195
893 1195
893 1200
846 1200
846 1123
844 1123
844 1103
831 1103
831 1090
811 1090
811 1066
870 1066
870 1068
872 1068
872 1087
863 1087
863 1089
882 1089
882 1081
935 1081
935 1076
965 1076
965 1073
970 1073
970 1122
972 1122
972 1158
950 1158
950 1137
947 1137
947 1141
920 1141
920 1142
916 1142
916 1138
905 1138
905 1150
889 1150
889 1152
911 1152
911 1170
927 1170
927 1157
939 1157
939 1161
979 1161
979 1156
982 1156
982 1101
1023 1101
1023 1104
1007 1104
1007 1186
1013 1186
1013 1136
1050 1136
1050 1135
1064 1135
1064 1130
1046 1130
1046 1128
1113 1128
1113 1153
1088 1153
1088 1164
1089 1164
1089 1165
1118 1165
1118 1155
1242 1155
1242 1149
1307 1149
1307 1181
1288 1181
1288 1172
1284 1172
1284 1178
1280 1178
1280 1205
1296 1205
1296 1185
1297 1185
1297 1187
1299 1187
1299 1182
1303 1182
1303 1208
1290 1208
1290 1213
1326 1213
1326 1219
1324 1219
1324 1226
1281 1226
1281 1240
1277 1240
1277 1247
1276 1247
1276 1235
1255 1235
1255 1234
1227 1234
1227 1232
1207 1232
1207 1230
1260 1230
1260 1225
1233 1225
1233 1224
1243 1224
1243 1223
1286 1223
1286 1221
1322 1221
1322 1218
1268 1218
1268 1220
1131 1220
1131 1222
1129 1222
1129 1227
888 1227
888 1229
1001 1229
1001 1233
1034 1233
1034 1231
1101 1231
1101 1238
1105 1238
1105 1237
1128 1237
1128 1228
1203 1228
1203 1236
1238 1236
1238 1250
993 1250
993 1260
986 1260
986 1259
969 1259
969 1256
603 1256
603 1257
595 1257
595 1261
902 1261
902 1264
1054 1264
1054 1266
958 1266
958 1267
468 1267
468 1265
461 1265
461 1254
395 1254
395 1269
677 1269
677 1268
779 1268
779 1270
126 1270
126 1263
104 1263
104 1258
81 1258
81 1255
72 1255
72 1248
147 1248
147 1249
611 1249
611 1246
783 1246
783 1242
769 1242
769 1239
590 1239
590 1245
235 1245
235 1241
187 1241
187 1243
67 1243
67 1262
59 1262
59 1284
33 1284
33 1297
359 1297
359 1301
513 1301
513 1298
531 1298
531 1296
537 1296
537 1303
866 1303
866 1302
897 1302
897 1300
1019 1300
1019 1306
1004 1306
1004 1313
932 1313
932 1309
925 1309
925 1310
898 1310
898 1311
883 1311
883 1319
763 1319
763 1316
396 1316
396 1315
110 1315
110 1317
592 1317
592 1321
701 1321
701 1351
542 1351
542 1350
528 1350
528 1347
456 1347
456 1352
459 1352
459 1360
425 1360
425 1356
409 1356
409 1339
384 1339
384 1336
169 1336
169 1332
134 1332
134 1334
83 1334
83 1337
183 1337
183 1338
381 1338
381 1342
404 1342
404 1343
343 1343
343 1344
64 1344
64 1402
174 1402
174 1410
76 1410
76 1420
42 1420
42 1408
50 1408
50 1394
45 1394
45 1395
41 1395
41 1390
40 1390
40 1429
31 1429
31 1430
43 1430
43 1454
53 1454
53 1491
63 1491
63 1497
88 1497
88 1498
