1030
105 159
105 177
104 177
104 153
100 153
100 203
95 203
95 202
74 202
74 200
44 200
44 198
53 198
53 197
28 197
28 196
55 196
55 191
64 191
64 195
76 195
76 188
72 188
72 182
70 182
70 184
46 184
46 181
40 181
40 185
67 185
67 190
60 190
60 189
48 189
48 194
29 194
29 192
26 192
26 186
24 186
24 183
15 183
15 193
12 193
12 180
6 180
6 187
5 187
5 169
34 169
34 174
21 174
21 171
16 171
16 176
14 176
14 178
25 178
25 177
39 177
39 170
41 170
41 173
45 173
45 166
62 166
62 163
71 163
71 154
75 154
75 157
81 157
81 160
82 160
82 172
87 172
87 167
90 167
90 175
91 175
91 152
80 152
80 118
89 118
89 139
88 139
88 147
93 147
93 137
94 137
94 127
96 127
96 136
98 136
98 131
97 131
97 117
84 117
84 114
92 114
92 107
58 107
58 106
51 106
51 105
42 105
42 108
52 108
52 109
78 109
78 110
85 110
85 111
86 111
86 112
73 112
73 115
63 115
63 116
56 116
56 125
66 125
66 122
68 122
68 130
33 130
33 121
35 121
35 128
38 128
38 123
37 123
37 120
36 120
36 119
31 119
31 113
17 113
17 124
22 124
22 126
27 126
27 133
43 133
43 132
69 132
69 129
79 129
79 155
83 155
83 156
77 156
77 140
54 140
54 148
49 148
49 149
32 149
32 142
30 142
30 138
23 138
23 144
11 144
11 143
20 143
20 135
18 135
18 141
8 141
8 134
1 134
1 146
3 146
3 145
19 145
19 150
61 150
61 151
65 151
65 153
47 153
47 158
57 158
57 162
10 162
10 161
9 161
9 164
50 164
50 165
13 165
13 168
2 168
2 159
0 159
0 179
4 179
4 199
7 199
7 201
59 201
59 204
101 204
101 155
103 155
103 179
109 179
109 199
112 199
112 201
164 201
164 204
202 204
202 205
153 205
153 208
147 208
147 213
157 213
157 214
183 214
183 215
190 215
190 216
191 216
191 217
178 217
178 220
168 220
168 221
161 221
161 230
171 230
171 227
173 227
173 235
138 235
138 226
140 226
140 233
143 233
143 228
142 228
142 225
141 225
141 224
136 224
136 218
122 218
122 229
127 229
127 231
132 231
132 238
148 238
148 237
174 237
174 234
184 234
184 260
188 260
188 261
182 261
182 245
159 245
159 253
154 253
154 254
137 254
137 247
135 247
135 243
128 243
128 249
116 249
116 248
125 248
125 240
123 240
123 246
113 246
113 239
106 239
106 251
108 251
108 250
124 250
124 255
166 255
166 256
170 256
170 258
152 258
152 263
162 263
162 267
115 267
115 266
114 266
114 269
155 269
155 270
118 270
118 273
107 273
107 264
105 264
105 284
109 284
109 304
112 304
112 306
164 306
164 309
204 309
204 308
200 308
200 307
179 307
179 305
149 305
149 303
158 303
158 302
133 302
133 301
160 301
160 296
169 296
169 300
181 300
181 293
177 293
177 287
175 287
175 289
151 289
151 286
145 286
145 290
172 290
172 295
165 295
165 294
153 294
153 299
134 299
134 297
131 297
131 291
129 291
129 288
120 288
120 298
117 298
117 285
111 285
111 292
110 292
110 274
139 274
139 279
126 279
126 276
121 276
121 281
119 281
119 283
130 283
130 282
144 282
144 275
146 275
146 278
150 278
150 271
167 271
167 268
176 268
176 259
180 259
180 262
186 262
186 265
187 265
187 277
192 277
192 272
195 272
195 280
196 280
196 257
185 257
185 223
194 223
194 244
193 244
193 252
198 252
198 242
199 242
199 232
201 232
201 241
203 241
203 236
202 236
202 222
189 222
189 219
197 219
197 212
163 212
163 211
156 211
156 210
149 210
149 209
155 209
155 206
204 206
204 204
206 204
206 155
208 155
208 179
214 179
214 199
217 199
217 201
269 201
269 204
309 204
309 203
305 203
305 202
284 202
284 200
254 200
254 198
263 198
263 197
238 197
238 196
265 196
265 191
274 191
274 195
286 195
286 188
282 188
282 182
280 182
280 184
256 184
256 181
250 181
250 185
277 185
277 190
270 190
270 189
258 189
258 194
239 194
239 192
236 192
236 186
234 186
234 183
225 183
225 193
222 193
222 180
216 180
216 187
215 187
215 169
244 169
244 174
231 174
231 171
226 171
226 176
224 176
224 178
235 178
235 177
249 177
249 170
251 170
251 173
255 173
255 166
272 166
272 163
281 163
281 154
285 154
285 157
291 157
291 160
292 160
292 172
297 172
297 167
300 167
300 175
301 175
301 152
290 152
290 118
299 118
299 139
298 139
298 147
303 147
303 137
304 137
304 127
306 127
306 136
308 136
308 131
307 131
307 117
294 117
294 114
302 114
302 107
268 107
268 106
261 106
261 105
252 105
252 108
262 108
262 109
288 109
288 110
295 110
295 111
296 111
296 112
283 112
283 115
273 115
273 116
266 116
266 125
276 125
276 122
278 122
278 130
243 130
243 121
245 121
245 128
248 128
248 123
247 123
247 120
246 120
246 119
241 119
241 113
227 113
227 124
232 124
232 126
237 126
237 133
253 133
253 132
279 132
279 129
289 129
289 155
293 155
293 156
287 156
287 140
264 140
264 148
259 148
259 149
242 149
242 142
240 142
240 138
233 138
233 144
221 144
221 143
230 143
230 135
228 135
228 141
218 141
218 134
211 134
211 146
213 146
213 145
229 145
229 150
271 150
271 151
275 151
275 153
257 153
257 158
267 158
267 162
220 162
220 161
219 161
219 164
260 164
260 165
223 165
223 168
212 168
212 159
210 159
210 177
209 177
209 153
205 153
205 203
200 203
200 202
179 202
179 200
149 200
149 198
158 198
158 197
133 197
133 196
160 196
160 191
169 191
169 195
181 195
181 188
177 188
177 182
175 182
175 184
151 184
151 181
145 181
145 185
172 185
172 190
165 190
165 189
153 189
153 194
134 194
134 192
131 192
131 186
129 186
129 183
120 183
120 193
117 193
117 180
111 180
111 187
110 187
110 169
139 169
139 174
126 174
126 171
121 171
121 176
119 176
119 178
130 178
130 177
144 177
144 170
146 170
146 173
150 173
150 166
167 166
167 163
176 163
176 154
180 154
180 157
186 157
186 160
187 160
187 172
192 172
192 167
195 167
195 175
196 175
196 152
185 152
185 118
194 118
194 139
193 139
193 147
198 147
198 137
199 137
199 127
201 127
201 136
203 136
203 131
202 131
202 117
189 117
189 114
197 114
197 107
163 107
163 106
156 106
156 105
149 105
149 104
155 104
155 101
204 101
204 98
200 98
200 97
179 97
179 95
149 95
149 93
158 93
158 92
133 92
133 91
160 91
160 86
169 86
169 90
181 90
181 83
177 83
177 77
175 77
175 79
151 79
151 76
145 76
145 80
172 80
172 85
165 85
165 84
153 84
153 89
134 89
134 87
131 87
131 81
129 81
129 78
120 78
120 88
117 88
117 75
111 75
111 82
110 82
110 64
139 64
139 69
126 69
126 66
121 66
121 71
119 71
119 73
130 73
130 72
144 72
144 65
146 65
146 68
150 68
150 61
167 61
167 58
176 58
176 49
180 49
180 52
186 52
186 55
187 55
187 67
192 67
192 62
195 62
195 70
196 70
196 47
185 47
185 13
194 13
194 34
193 34
193 42
198 42
198 32
199 32
199 22
201 22
201 31
203 31
203 26
202 26
202 12
189 12
189 9
197 9
197 2
163 2
163 1
156 1
156 0
147 0
147 3
157 3
157 4
183 4
183 5
190 5
190 6
191 6
191 7
178 7
178 10
168 10
168 11
161 11
161 20
171 20
171 17
173 17
173 25
138 25
138 16
140 16
140 23
143 23
143 18
142 18
142 15
141 15
141 14
136 14
136 8
122 8
122 19
127 19
127 21
132 21
132 28
148 28
148 27
174 27
174 24
184 24
184 50
188 50
188 51
182 51
182 35
159 35
159 43
154 43
154 44
137 44
137 37
135 37
135 33
128 33
128 39
116 39
116 38
125 38
125 30
123 30
123 36
113 36
113 29
106 29
106 41
108 41
108 40
124 40
124 45
166 45
166 46
170 46
170 48
152 48
152 53
162 53
162 57
115 57
115 56
114 56
114 59
155 59
155 60
118 60
118 63
107 63
107 54
105 54
105 74
109 74
109 94
112 94
112 96
164 96
164 99
202 99
202 100
153 100
153 103
147 103
147 108
157 108
157 109
183 109
183 110
190 110
190 111
191 111
191 112
178 112
178 115
168 115
168 116
161 116
161 125
171 125
171 122
173 122
173 130
138 130
138 121
140 121
140 128
143 128
143 123
142 123
142 120
141 120
141 119
136 119
136 113
122 113
122 124
127 124
127 126
132 126
132 133
148 133
148 132
174 132
174 129
184 129
184 155
188 155
188 156
182 156
182 140
159 140
159 148
154 148
154 149
137 149
137 142
135 142
135 138
128 138
128 144
116 144
116 143
125 143
125 135
123 135
123 141
113 141
113 134
106 134
106 146
108 146
108 145
124 145
124 150
166 150
166 151
170 151
170 153
152 153
152 158
162 158
162 162
115 162
115 161
114 161
114 164
155 164
155 165
118 165
118 168
107 168
107 159
