482
0 139
0 140
2 140
2 144
13 144
13 143
19 143
19 142
21 142
21 136
22 136
22 135
16 135
16 134
14 134
14 137
11 137
11 133
12 133
12 122
15 122
15 126
20 126
20 129
23 129
23 128
24 128
24 125
18 125
18 123
17 123
17 121
10 121
10 124
9 124
9 141
4 141
4 138
3 138
3 132
8 132
8 130
7 130
7 127
6 127
6 119
13 119
13 113
19 113
19 112
21 112
21 106
22 106
22 105
16 105
16 104
14 104
14 107
11 107
11 103
12 103
12 92
15 92
15 96
20 96
20 99
23 99
23 98
24 98
24 97
25 97
25 103
28 103
28 110
32 110
32 114
43 114
43 113
49 113
49 112
51 112
51 106
52 106
52 105
46 105
46 104
44 104
44 107
41 107
41 103
42 103
42 92
45 92
45 96
50 96
50 99
53 99
53 98
54 98
54 97
55 97
55 103
58 103
58 110
62 110
62 114
73 114
73 113
79 113
79 112
81 112
81 106
82 106
82 105
76 105
76 104
74 104
74 107
71 107
71 103
72 103
72 92
75 92
75 96
80 96
80 99
83 99
83 98
84 98
84 95
78 95
78 93
77 93
77 91
70 91
70 94
69 94
69 111
64 111
64 108
63 108
63 102
68 102
68 100
67 100
67 97
66 97
66 90
65 90
65 101
61 101
61 109
59 109
59 101
56 101
56 95
48 95
48 93
47 93
47 91
40 91
40 94
39 94
39 111
34 111
34 108
33 108
33 102
38 102
38 100
37 100
37 97
36 97
36 90
35 90
35 101
31 101
31 109
29 109
29 101
26 101
26 95
18 95
18 93
17 93
17 91
10 91
10 94
9 94
9 111
4 111
4 108
3 108
3 102
8 102
8 100
7 100
7 97
6 97
6 89
13 89
13 83
19 83
19 82
21 82
21 76
22 76
22 75
16 75
16 74
14 74
14 77
11 77
11 73
12 73
12 62
15 62
15 66
20 66
20 69
23 69
23 68
24 68
24 67
25 67
25 73
28 73
28 80
32 80
32 84
43 84
43 83
49 83
49 82
51 82
51 76
52 76
52 75
46 75
46 74
44 74
44 77
41 77
41 73
42 73
42 62
45 62
45 66
50 66
50 69
53 69
53 68
54 68
54 65
48 65
48 63
47 63
47 61
40 61
40 64
39 64
39 81
34 81
34 78
33 78
33 72
38 72
38 70
37 70
37 67
36 67
36 60
35 60
35 71
31 71
31 79
29 79
29 71
26 71
26 65
18 65
18 63
17 63
17 61
10 61
10 64
9 64
9 81
4 81
4 78
3 78
3 72
8 72
8 70
7 70
7 67
6 67
6 59
13 59
13 53
19 53
19 52
21 52
21 46
22 46
22 45
16 45
16 44
14 44
14 47
11 47
11 43
12 43
12 32
15 32
15 36
20 36
20 39
23 39
23 38
24 38
24 37
25 37
25 43
28 43
28 50
32 50
32 54
43 54
43 53
49 53
49 52
51 52
51 46
52 46
52 45
46 45
46 44
44 44
44 47
41 47
41 43
42 43
42 32
45 32
45 36
50 36
50 39
53 39
53 38
54 38
54 35
48 35
48 33
47 33
47 31
40 31
40 34
39 34
39 51
34 51
34 48
33 48
33 42
38 42
38 40
37 40
37 37
36 37
36 30
35 30
35 41
31 41
31 49
29 49
29 41
26 41
26 35
18 35
18 33
17 33
17 31
10 31
10 34
9 34
9 51
4 51
4 48
3 48
3 42
8 42
8 40
7 40
7 37
6 37
6 29
13 29
13 23
19 23
19 22
21 22
21 16
22 16
22 15
16 15
16 14
14 14
14 17
11 17
11 13
12 13
12 2
15 2
15 6
20 6
20 9
23 9
23 8
24 8
24 5
18 5
18 3
17 3
17 1
10 1
10 4
9 4
9 21
4 21
4 18
3 18
3 12
8 12
8 10
7 10
7 7
6 7
6 0
5 0
5 11
1 11
1 19
0 19
0 20
2 20
2 24
11 24
11 28
5 28
5 41
1 41
1 49
0 49
0 50
2 50
2 54
11 54
11 58
5 58
5 71
1 71
1 79
0 79
0 80
2 80
2 84
11 84
11 88
5 88
5 101
1 101
1 109
0 109
0 110
2 110
2 114
11 114
11 118
5 118
5 131
1 131
1 139
