2500
0 818
0 841
10 841
10 861
11 861
11 889
16 889
16 896
20 896
20 898
30 898
30 899
79 899
79 894
106 894
106 903
108 903
108 925
109 925
109 984
105 984
105 913
12 913
12 917
101 917
101 1048
44 1048
44 1051
48 1051
48 1059
68 1059
68 1053
110 1053
110 1175
152 1175
152 1190
153 1190
153 1185
161 1185
161 891
171 891
171 1193
35 1193
35 1196
88 1196
88 1197
138 1197
138 1201
130 1201
130 1202
2 1202
2 1204
1 1204
1 1213
14 1213
14 1217
80 1217
80 1215
72 1215
72 1210
154 1210
154 1203
178 1203
178 1101
184 1101
184 1116
180 1116
180 1230
175 1230
175 1235
4 1235
4 1237
142 1237
142 1240
181 1240
181 1155
183 1155
183 1236
196 1236
196 1216
187 1216
187 1194
186 1194
186 1172
199 1172
199 1166
185 1166
185 1124
200 1124
200 1198
202 1198
202 1212
222 1212
222 1191
231 1191
231 1186
266 1186
266 1188
425 1188
425 1187
434 1187
434 1182
445 1182
445 1177
421 1177
421 1150
402 1150
402 1147
409 1147
409 1130
435 1130
435 1139
475 1139
475 1132
485 1132
485 1149
491 1149
491 1086
468 1086
468 1041
478 1041
478 1026
482 1026
482 805
476 805
476 754
469 754
469 694
481 694
481 693
467 693
467 496
472 496
472 456
483 456
483 470
496 470
496 656
499 656
499 726
500 726
500 739
503 739
503 836
504 836
504 677
502 677
502 303
495 303
495 130
510 130
510 122
493 122
493 144
490 144
490 237
489 237
489 158
484 158
484 316
486 316
486 362
464 362
464 320
459 320
459 370
449 370
449 363
443 363
443 361
433 361
433 264
440 264
440 257
427 257
427 245
420 245
420 229
411 229
411 145
404 145
404 121
403 121
403 261
401 261
401 314
386 314
386 368
389 368
389 351
410 351
410 465
408 465
408 478
405 478
405 595
412 595
412 772
416 772
416 714
423 714
423 642
424 642
424 620
415 620
415 590
414 590
414 544
422 544
422 528
419 528
419 338
418 338
418 334
396 334
396 317
406 317
406 329
428 329
428 356
431 356
431 372
480 372
480 377
487 377
487 324
501 324
501 399
497 399
497 402
494 402
494 380
438 380
438 396
430 396
430 533
432 533
432 398
444 398
444 460
442 460
442 461
436 461
436 494
456 494
456 440
463 440
463 436
453 436
453 413
457 413
457 394
477 394
477 422
466 422
466 571
447 571
447 574
446 574
446 598
448 598
448 823
394 823
394 834
395 834
395 825
450 825
450 793
452 793
452 661
454 661
454 639
455 639
455 597
458 597
458 618
460 618
460 605
462 605
462 759
465 759
465 821
479 821
479 877
470 877
470 922
473 922
473 1039
461 1039
461 1117
474 1117
474 1126
417 1126
417 1129
391 1129
391 967
426 967
426 944
429 944
429 936
439 936
439 932
398 932
398 931
393 931
393 845
392 845
392 906
390 906
390 1004
388 1004
388 1056
384 1056
384 1109
383 1109
383 975
378 975
378 1032
373 1032
373 1008
369 1008
369 985
377 985
377 972
385 972
385 871
380 871
380 865
376 865
376 895
291 895
291 892
241 892
241 962
269 962
269 991
273 991
273 974
274 974
274 1085
279 1085
279 1068
293 1068
293 1076
320 1076
320 1122
325 1122
325 1133
335 1133
335 1113
353 1113
353 1084
356 1084
356 1038
349 1038
349 1052
342 1052
342 1070
329 1070
329 1090
326 1090
326 1060
276 1060
276 957
258 957
258 927
248 927
248 942
246 942
246 901
343 901
343 900
357 900
357 902
379 902
379 965
370 965
370 966
366 966
366 997
367 997
367 1049
368 1049
368 1064
372 1064
372 1087
381 1087
381 1142
387 1142
387 1159
375 1159
375 1164
413 1164
413 1174
371 1174
371 1179
397 1179
397 1180
400 1180
400 1183
350 1183
350 1167
340 1167
340 1165
260 1165
260 1157
252 1157
252 1169
297 1169
297 1181
278 1181
278 1178
264 1178
264 1170
212 1170
212 1163
224 1163
224 1140
217 1140
217 1123
188 1123
188 1099
207 1099
207 1120
216 1120
216 1110
218 1110
218 1057
198 1057
198 1095
197 1095
197 1036
201 1036
201 938
192 938
192 994
193 994
193 1009
191 1009
191 1088
174 1088
174 1158
173 1158
173 908
172 908
172 874
96 874
96 855
120 855
120 833
140 833
140 832
69 832
69 680
66 680
66 433
70 433
70 430
73 430
73 474
74 474
74 585
92 585
92 617
89 617
89 682
85 682
85 737
82 737
82 777
81 777
81 795
87 795
87 794
94 794
94 753
91 753
91 708
95 708
95 583
97 583
97 664
104 664
104 652
99 652
99 577
83 577
83 521
98 521
98 488
78 488
78 520
76 520
76 389
77 389
77 417
100 417
100 392
107 392
107 431
121 431
121 650
124 650
124 747
128 747
128 741
134 741
134 738
136 738
136 685
131 685
131 655
143 655
143 604
145 604
145 467
148 467
148 559
149 559
149 766
168 766
168 773
220 773
220 779
190 779
190 780
228 780
228 752
239 752
239 782
250 782
250 756
304 756
304 751
337 751
337 744
244 744
244 735
223 735
223 720
225 720
225 707
288 707
288 698
336 698
336 569
338 569
338 516
344 516
344 457
323 457
323 462
330 462
330 508
317 508
317 401
328 401
328 383
332 383
332 384
358 384
358 405
355 405
355 438
362 438
362 382
319 382
319 371
345 371
345 369
333 369
333 347
322 347
322 346
321 346
321 260
316 260
316 258
354 258
354 252
348 252
348 200
331 200
331 166
364 166
364 119
382 119
382 115
498 115
498 114
399 114
399 113
492 113
492 110
507 110
507 103
451 103
451 101
488 101
488 98
471 98
471 95
361 95
361 93
374 93
374 82
365 82
365 79
359 79
359 89
352 89
352 68
351 68
351 62
347 62
347 51
506 51
506 47
529 47
529 55
541 55
541 56
556 56
556 57
579 57
579 53
551 53
551 49
614 49
614 48
761 48
761 46
1129 46
1129 39
1169 39
1169 85
1172 85
1172 59
1202 59
1202 124
1203 124
1203 167
1214 167
1214 318
1215 318
1215 176
1216 176
1216 284
1217 284
1217 355
1213 355
1213 350
1188 350
1188 339
1189 339
1189 336
1187 336
1187 305
1177 305
1177 259
1178 259
1178 285
1179 285
1179 177
1166 177
1166 173
1146 173
1146 131
1137 131
1137 129
1089 129
1089 133
1038 133
1038 135
1093 135
1093 140
981 140
981 141
953 141
953 159
950 159
950 171
949 171
949 206
929 206
929 199
939 199
939 198
942 198
942 132
952 132
952 136
969 136
969 127
967 127
967 128
955 128
955 117
896 117
896 118
938 118
938 170
926 170
926 123
889 123
889 139
886 139
886 169
884 169
884 175
888 175
888 180
883 180
883 182
882 182
882 181
875 181
875 147
874 147
874 134
866 134
866 255
867 255
867 306
855 306
855 344
853 344
853 406
850 406
850 374
848 374
848 459
843 459
843 270
842 270
842 326
840 326
840 357
839 357
839 517
831 517
831 541
834 541
834 653
824 653
824 724
833 724
833 769
770 769
770 750
762 750
762 702
711 702
711 713
652 713
652 651
707 651
707 654
729 654
729 647
743 647
743 646
717 646
717 649
716 649
716 637
755 637
755 614
750 614
750 610
763 610
763 591
738 591
738 563
779 563
779 579
789 579
789 535
786 535
786 507
796 507
796 504
801 504
801 325
803 325
803 527
806 527
806 482
808 482
808 343
811 343
811 282
759 282
759 281
760 281
760 268
800 268
800 263
802 263
802 253
748 253
748 249
756 249
756 227
782 227
782 244
807 244
807 235
810 235
810 220
805 220
805 218
765 218
765 126
747 126
747 272
740 272
740 209
737 209
737 179
733 179
733 65
656 65
656 66
528 66
528 61
518 61
518 63
511 63
511 70
524 70
524 76
577 76
577 81
581 81
581 105
582 105
582 67
619 67
619 75
674 75
674 74
728 74
728 90
727 90
727 107
610 107
610 109
586 109
586 116
629 116
629 111
730 111
730 276
723 276
723 287
725 287
725 289
798 289
798 448
780 448
780 473
775 473
775 479
774 479
774 483
768 483
768 502
767 502
767 536
772 536
772 561
735 561
735 592
753 592
753 608
731 608
731 636
720 636
720 601
719 601
719 616
714 616
714 629
709 629
709 622
696 622
696 634
688 634
688 612
697 612
697 486
712 486
712 475
701 475
701 449
682 449
682 450
680 450
680 349
678 349
678 416
676 416
676 466
677 466
677 471
681 471
681 529
690 529
690 537
692 537
692 501
694 501
694 606
684 606
684 644
659 644
659 626
666 626
666 576
649 576
649 485
644 485
644 588
650 588
650 596
653 596
653 599
631 599
631 414
630 414
630 418
628 418
628 522
626 522
626 525
623 525
623 557
621 557
621 581
605 581
605 572
602 572
602 562
598 562
598 615
651 615
651 666
646 666
646 715
749 715
749 722
732 722
732 728
741 728
741 776
645 776
645 706
640 706
640 748
608 748
608 736
604 736
604 732
599 732
599 723
632 723
632 718
615 718
615 719
607 719
607 711
576 711
576 658
567 658
567 659
553 659
553 663
547 663
547 643
543 643
543 444
542 444
542 481
530 481
530 513
527 513
527 295
526 295
526 420
522 420
522 489
520 489
520 742
516 742
516 796
513 796
513 847
515 847
515 827
519 827
519 761
521 761
521 918
512 918
512 958
514 958
514 970
517 970
517 928
523 928
523 745
525 745
525 550
532 550
532 515
538 515
538 593
535 593
535 628
531 628
531 684
534 684
534 852
539 852
539 981
533 981
533 1017
537 1017
537 1033
536 1033
536 1069
540 1069
540 1061
544 1061
544 838
548 838
548 835
545 835
545 669
549 669
549 757
550 757
550 806
555 806
555 813
560 813
560 890
559 890
559 904
568 904
568 911
557 911
557 977
571 977
571 937
570 937
570 837
569 837
569 839
561 839
561 820
563 820
563 800
558 800
558 758
554 758
554 721
562 721
562 709
574 709
574 717
578 717
578 727
564 727
564 762
566 762
566 734
575 734
575 792
572 792
572 809
573 809
573 797
583 797
583 814
580 814
580 880
587 880
587 1044
603 1044
603 1046
591 1046
591 1134
613 1134
613 1072
627 1072
627 1071
618 1071
618 1067
611 1067
611 1031
609 1031
609 1023
592 1023
592 1022
588 1022
588 876
593 876
593 955
597 955
597 971
639 971
639 946
638 946
638 951
636 951
636 933
622 933
622 923
625 923
625 909
670 909
670 919
667 919
667 910
664 910
664 964
661 964
661 983
643 983
643 1107
648 1107
648 1006
660 1006
660 1029
663 1029
663 1015
665 1015
665 920
689 920
689 930
745 930
745 934
769 934
769 935
784 935
784 952
778 952
778 959
687 959
687 992
710 992
710 976
724 976
724 963
783 963
783 996
771 996
771 1020
746 1020
746 1034
744 1034
744 1080
721 1080
721 1058
713 1058
713 1042
702 1042
702 1089
699 1089
699 1079
693 1079
693 1083
671 1083
671 1097
672 1097
672 1115
691 1115
691 1137
658 1137
658 1144
589 1144
589 1145
620 1145
620 1148
668 1148
668 1168
675 1168
675 1156
705 1156
705 1091
718 1091
718 1096
706 1096
706 1112
708 1112
708 1153
736 1153
736 1141
722 1141
722 1127
734 1127
734 1136
754 1136
754 1104
751 1104
751 1100
773 1100
773 1093
758 1093
758 1035
776 1035
776 1125
777 1125
777 1018
785 1018
785 1105
787 1105
787 1094
788 1094
788 1077
790 1077
790 1065
812 1065
812 1062
809 1062
809 1028
830 1028
830 1055
828 1055
828 1063
817 1063
817 1078
818 1078
818 1098
813 1098
813 1176
814 1176
814 1118
815 1118
815 1146
819 1146
819 1121
821 1121
821 1102
822 1102
822 1066
858 1066
858 1111
857 1111
857 1131
865 1131
865 1119
879 1119
879 1108
891 1108
891 1195
892 1195
892 1082
871 1082
871 1074
869 1074
869 1106
863 1106
863 1054
841 1054
841 1019
827 1019
827 1027
791 1027
791 1014
799 1014
799 1012
792 1012
792 980
794 980
794 978
797 978
797 941
936 941
936 949
911 949
911 943
905 943
905 945
887 945
887 947
845 947
845 954
918 954
918 986
934 986
934 1001
916 1001
916 1040
914 1040
914 1045
910 1045
910 1043
900 1043
900 1092
897 1092
897 1114
902 1114
902 1081
903 1081
903 1161
898 1161
898 1184
907 1184
907 1189
908 1189
908 1103
909 1103
909 1154
915 1154
915 1143
924 1143
924 1024
930 1024
930 1128
932 1128
932 1021
935 1021
935 1037
944 1037
944 961
995 961
995 968
977 968
977 979
1005 979
1005 995
1009 995
1009 1047
1021 1047
1021 1075
1024 1075
1024 1135
1025 1135
1025 1151
1028 1151
1028 1160
1035 1160
1035 1226
1086 1226
1086 1229
1062 1229
1062 1238
1103 1238
1103 1234
1124 1234
1124 1227
1181 1227
1181 1228
1150 1228
1150 1231
1152 1231
1152 1233
1192 1233
1192 1239
1194 1239
1194 1224
1153 1224
1153 1225
1121 1225
1121 1223
1242 1223
1242 1243
1057 1243
1057 1244
1186 1244
1186 1245
1241 1245
1241 1246
1240 1246
1240 1247
1199 1247
1199 1249
1247 1249
1247 1248
1248 1248
1248 1242
1249 1242
1249 1241
1246 1241
1246 1232
1245 1232
1245 1220
1237 1220
1237 1222
1144 1222
1144 1219
1119 1219
1119 1211
1110 1211
1110 1209
1191 1209
1191 1214
1158 1214
1158 1218
1198 1218
1198 1200
1200 1200
1200 1199
1195 1199
1195 1208
1139 1208
1139 1207
1115 1207
1115 1206
1071 1206
1071 1205
1052 1205
1052 1221
1045 1221
1045 1192
1044 1192
1044 1138
1026 1138
1026 1073
1032 1073
1032 1030
1031 1030
1031 1050
1022 1050
1022 1025
1019 1025
1019 1007
1016 1007
1016 1005
1013 1005
1013 990
1008 990
1008 987
1040 987
1040 1011
1069 1011
1069 1013
1074 1013
1074 1016
1111 1016
1111 1002
1096 1002
1096 1000
1068 1000
1068 998
1046 998
1046 1010
1041 1010
1041 988
1055 988
1055 993
1078 993
1078 982
1043 982
1043 969
1030 969
1030 956
1017 956
1017 953
851 953
851 950
964 950
964 940
906 940
906 926
901 926
901 939
816 939
816 924
703 924
703 929
698 929
698 916
695 916
695 914
700 914
700 921
742 921
742 912
715 912
715 905
635 905
635 907
617 907
617 948
596 948
596 869
600 869
600 851
633 851
633 857
637 857
637 863
657 863
657 868
685 868
685 872
752 872
752 878
854 878
854 881
764 881
764 883
757 883
757 888
781 888
781 886
864 886
864 885
895 885
895 873
881 873
881 870
856 870
856 867
860 867
860 864
876 864
876 862
872 862
872 849
837 849
837 854
826 854
826 858
847 858
847 860
823 860
823 866
679 866
679 859
669 859
669 844
616 844
616 846
595 846
595 850
585 850
585 803
584 803
584 786
590 786
590 725
594 725
594 764
606 764
606 802
612 802
612 755
641 755
641 760
634 760
634 771
624 771
624 775
642 775
642 784
654 784
654 790
704 790
704 781
726 781
726 778
820 778
820 798
832 798
832 843
835 843
835 631
838 631
838 586
836 586
836 531
849 531
849 424
852 424
852 423
859 423
859 556
861 556
861 573
846 573
846 565
844 565
844 619
862 619
862 332
873 332
873 312
878 312
878 288
877 288
877 225
885 225
885 224
880 224
880 219
868 219
868 215
870 215
870 193
893 193
893 191
894 191
894 125
923 125
923 234
940 234
940 239
951 239
951 243
931 243
931 246
899 246
899 247
890 247
890 248
933 248
933 280
912 280
912 283
904 283
904 393
919 393
919 397
946 397
946 491
960 491
960 490
948 490
948 373
925 373
925 367
943 367
943 364
917 364
917 354
927 354
927 342
922 342
922 331
920 331
920 291
941 291
941 299
947 299
947 307
954 307
954 319
957 319
957 300
961 300
961 345
962 345
962 426
965 426
965 409
970 409
970 509
982 509
982 540
976 540
976 602
983 602
983 503
980 503
980 499
979 499
979 458
978 458
978 360
989 360
989 308
990 308
990 555
994 555
994 589
996 589
996 632
1000 632
1000 673
1002 673
1002 770
1027 770
1027 789
1010 789
1010 791
1007 791
1007 799
1037 799
1037 767
1033 767
1033 740
1047 740
1047 733
1088 733
1088 730
1094 730
1094 712
1107 712
1107 710
1066 710
1066 697
1113 697
1113 822
1127 822
1127 824
1171 824
1171 828
1148 828
1148 830
1167 830
1167 842
1182 842
1182 812
1206 812
1206 810
1222 810
1222 808
1239 808
1239 801
1238 801
1238 807
1190 807
1190 811
1149 811
1149 815
1118 815
1118 816
1116 816
1116 819
1114 819
1114 660
1126 660
1126 689
1136 689
1136 783
1141 783
1141 763
1142 763
1142 788
1164 788
1164 785
1147 785
1147 704
1140 704
1140 688
1131 688
1131 648
1102 648
1102 657
1090 657
1090 667
1081 667
1081 672
1108 672
1108 687
1067 687
1067 683
1059 683
1059 692
1051 692
1051 613
1050 613
1050 645
1048 645
1048 675
1049 675
1049 729
1039 729
1039 716
1034 716
1034 703
1020 703
1020 746
1003 746
1003 700
1004 700
1004 600
999 600
999 584
998 584
998 484
993 484
993 451
992 451
992 279
987 279
987 302
986 302
986 278
985 278
985 322
974 322
974 432
975 432
975 442
972 442
972 230
971 230
971 378
966 378
966 267
963 267
963 296
945 296
945 266
956 266
956 146
984 146
984 148
988 148
988 142
1122 142
1122 137
1128 137
1128 208
1130 208
1130 241
1157 241
1157 238
1165 238
1165 214
1174 214
1174 340
1180 340
1180 358
1224 358
1224 388
1170 388
1170 469
1183 469
1183 526
1176 526
1176 538
1160 538
1160 428
1163 428
1163 412
1162 412
1162 323
1161 323
1161 408
1156 408
1156 425
1155 425
1155 429
1143 429
1143 447
1135 447
1135 453
1138 453
1138 468
1151 468
1151 512
1159 512
1159 532
1120 532
1120 543
1101 543
1101 518
1079 518
1079 506
1091 506
1091 500
1100 500
1100 492
1092 492
1092 403
1087 403
1087 410
1084 410
1084 477
1083 477
1083 445
1072 445
1072 231
1073 231
1073 274
1080 274
1080 290
1082 290
1082 277
1109 277
1109 275
1125 275
1125 273
1106 273
1106 269
1104 269
1104 226
1095 226
1095 222
1077 222
1077 189
1075 189
1075 188
1070 188
1070 197
1063 197
1063 217
1058 217
1058 232
1056 232
1056 212
1018 212
1018 204
1029 204
1029 187
1023 187
1023 196
1015 196
1015 157
1014 157
1014 152
1011 152
1011 154
1012 154
1012 213
1053 213
1053 271
1065 271
1065 304
1054 304
1054 455
1060 455
1060 335
1064 335
1064 511
1076 511
1076 524
1085 524
1085 551
1105 551
1105 549
1117 549
1117 546
1133 546
1133 545
1145 545
1145 548
1154 548
1154 568
1168 568
1168 554
1184 554
1184 446
1193 446
1193 437
1196 437
1196 421
1209 421
1209 415
1229 415
1229 487
1228 487
1228 547
1220 547
1220 558
1210 558
1210 539
1197 539
1197 578
1231 578
1231 594
1208 594
1208 603
1233 603
1233 580
1235 580
1235 498
1234 498
1234 493
1230 493
1230 411
1175 411
1175 407
1227 407
1227 386
1225 386
1225 353
1221 353
1221 327
1219 327
1219 254
1226 254
1226 211
1243 211
1243 178
1244 178
1244 172
1232 172
1232 156
1218 156
1218 160
1211 160
1211 151
1205 151
1205 150
1204 150
1204 80
1212 80
1212 120
1236 120
1236 60
1223 60
1223 58
1185 58
1185 54
1207 54
1207 52
1173 52
1173 37
1123 37
1123 29
1112 29
1112 27
1099 27
1099 21
958 21
958 17
959 17
959 18
991 18
991 20
997 20
997 19
1132 19
1132 16
973 16
973 15
1201 15
1201 13
1134 13
1134 12
1098 12
1098 8
1006 8
1006 10
1001 10
1001 14
921 14
921 22
937 22
937 23
913 23
913 40
793 40
793 32
829 32
829 30
795 30
795 26
825 26
825 24
804 24
804 7
686 7
686 11
655 11
655 9
647 9
647 31
766 31
766 35
739 35
739 33
552 33
552 36
662 36
662 38
673 38
673 41
928 41
928 25
1061 25
1061 28
1036 28
1036 34
1097 34
1097 42
1042 42
1042 44
968 44
968 43
683 43
683 45
441 45
441 6
508 6
508 4
565 4
565 5
601 5
601 3
546 3
546 2
509 2
509 0
505 0
505 1
437 1
437 50
341 50
341 97
271 97
271 94
265 94
265 84
256 84
256 83
123 83
123 77
135 77
135 78
167 78
167 73
146 73
146 71
119 71
119 64
112 64
112 86
122 86
122 87
230 87
230 92
229 92
229 102
221 102
221 96
147 96
147 91
115 91
115 88
17 88
17 69
3 69
3 112
5 112
5 72
7 72
7 138
8 138
8 100
19 100
19 108
301 108
301 106
339 106
339 99
407 99
407 104
363 104
363 149
360 149
360 155
308 155
308 153
292 153
292 161
257 161
257 163
270 163
270 185
242 185
242 162
232 162
232 165
237 165
237 195
238 195
238 298
240 298
240 309
243 309
243 301
245 301
245 216
247 216
247 434
234 434
234 435
251 435
251 439
254 439
254 310
255 310
255 294
249 294
249 205
259 205
259 233
261 233
261 390
263 390
263 391
268 391
268 395
281 395
281 523
282 523
282 495
283 495
283 582
289 582
289 464
290 464
290 441
295 441
295 328
298 328
298 400
299 400
299 443
303 443
303 228
296 228
296 240
294 240
294 256
302 256
302 286
287 286
287 570
285 570
285 552
286 552
286 265
284 265
284 262
280 262
280 223
275 223
275 337
267 337
267 359
262 359
262 202
307 202
307 201
310 201
310 207
346 207
346 242
305 242
305 321
309 321
309 251
312 251
312 348
313 348
313 452
314 452
314 530
324 530
324 553
327 553
327 566
334 566
334 621
236 621
236 607
235 607
235 624
318 624
318 633
300 633
300 630
233 630
233 623
227 623
227 627
210 627
210 564
219 564
219 404
215 404
215 514
211 514
211 497
213 497
213 463
209 463
209 236
205 236
205 293
206 293
206 638
311 638
311 641
315 641
315 668
277 668
277 665
226 665
226 674
306 674
306 676
272 676
272 695
253 695
253 705
208 705
208 731
194 731
194 749
214 749
214 765
204 765
204 768
170 768
170 691
179 691
179 690
195 690
195 678
203 678
203 670
189 670
189 679
182 679
182 635
162 635
162 671
164 671
164 686
169 686
169 701
150 701
150 366
144 366
144 567
141 567
141 560
139 560
139 510
125 510
125 476
127 476
127 454
126 454
126 385
117 385
117 379
71 379
71 387
67 387
67 341
102 341
102 333
84 333
84 311
86 311
86 194
129 194
129 221
151 221
151 210
176 210
176 192
177 192
177 186
90 186
90 184
166 184
166 143
165 143
165 164
163 164
163 183
65 183
65 575
64 575
64 609
61 609
61 699
60 699
60 826
62 826
62 681
63 681
63 848
49 848
49 696
57 696
57 250
58 250
58 203
59 203
59 174
54 174
54 168
27 168
27 190
56 190
56 480
53 480
53 427
55 427
55 376
52 376
52 381
50 381
50 352
47 352
47 519
43 519
43 292
37 292
37 313
26 313
26 315
29 315
29 330
24 330
24 375
22 375
22 640
23 640
23 587
28 587
28 611
31 611
31 625
32 625
32 472
25 472
25 419
34 419
34 505
33 505
33 542
36 542
36 365
38 365
38 297
41 297
41 534
51 534
51 662
42 662
42 743
39 743
39 774
45 774
45 787
46 787
46 853
75 853
75 856
93 856
93 875
160 875
160 897
159 897
159 879
158 879
158 887
155 887
155 915
156 915
156 989
157 989
157 1162
137 1162
137 1173
133 1173
133 1152
116 1152
116 1171
111 1171
111 1003
103 1003
103 999
132 999
132 973
118 973
118 960
114 960
114 884
113 884
113 882
40 882
40 893
18 893
18 840
21 840
21 817
13 817
13 829
15 829
15 831
9 831
9 804
6 804
6 818
