300
0 102
0 103
27 103
27 111
19 111
19 114
21 114
21 118
14 118
14 109
18 109
18 104
17 104
17 106
4 106
4 107
5 107
5 110
7 110
7 117
11 117
11 127
54 127
54 125
61 125
61 112
64 112
64 105
71 105
71 96
66 96
66 90
80 90
80 98
81 98
81 91
82 91
82 87
95 87
95 129
79 129
79 146
90 146
90 137
96 137
96 140
136 140
136 143
139 143
139 145
101 145
101 147
113 147
113 148
141 148
141 149
142 149
142 142
143 142
143 144
144 144
144 141
147 141
147 134
148 134
148 119
149 119
149 113
138 113
138 116
137 116
137 120
135 120
135 122
134 122
134 124
140 124
140 115
145 115
145 121
146 121
146 139
127 139
127 138
128 138
128 132
133 132
133 130
131 130
131 131
119 131
119 128
105 128
105 133
126 133
126 135
104 135
104 136
99 136
99 93
100 93
100 89
116 89
116 82
122 82
122 83
129 83
129 78
132 78
132 75
130 75
130 67
125 67
125 65
124 65
124 70
121 70
121 64
120 64
120 68
111 68
111 51
115 51
115 36
118 36
118 23
117 23
117 20
102 20
102 26
52 26
52 19
42 19
42 38
38 38
38 24
33 24
33 41
29 41
29 45
15 45
15 29
20 29
20 16
23 16
23 12
58 12
58 15
88 15
88 18
94 18
94 17
89 17
89 14
76 14
76 13
60 13
60 11
56 11
56 6
67 6
67 10
87 10
87 8
92 8
92 7
91 7
91 0
63 0
63 2
47 2
47 1
46 1
46 3
84 3
84 4
74 4
74 5
16 5
16 21
8 21
8 22
3 22
3 31
2 31
2 9
1 9
1 35
6 35
6 25
9 25
9 60
10 60
10 63
24 63
24 57
12 57
12 46
13 46
13 48
25 48
25 47
30 47
30 43
34 43
34 42
36 42
36 59
35 59
35 71
48 71
48 76
45 76
45 79
49 79
49 77
53 77
53 58
51 58
51 55
40 55
40 61
39 61
39 53
43 53
43 52
44 52
44 32
62 32
62 30
68 30
68 39
65 39
65 49
72 49
72 54
69 54
69 73
70 73
70 80
73 80
73 66
78 66
78 62
83 62
83 56
86 56
86 50
77 50
77 27
93 27
93 28
112 28
112 33
98 33
98 34
114 34
114 37
106 37
106 40
107 40
107 44
110 44
110 69
108 69
108 72
109 72
109 74
123 74
123 81
103 81
103 88
97 88
97 86
85 86
85 84
75 84
75 85
57 85
57 92
55 92
55 101
59 101
59 123
50 123
50 126
28 126
28 108
31 108
31 99
32 99
32 97
37 97
37 95
41 95
41 94
26 94
26 100
22 100
22 102
