2000
0 880
0 896
1 896
1 981
2 981
2 982
18 982
18 936
20 936
20 920
19 920
19 888
27 888
27 887
17 887
17 975
11 975
11 879
35 879
35 868
36 868
36 864
37 864
37 849
53 849
53 681
54 681
54 601
55 601
55 586
47 586
47 521
62 521
62 507
46 507
46 445
57 445
57 357
59 357
59 290
63 290
63 389
68 389
68 275
67 275
67 318
64 318
64 301
65 301
65 236
70 236
70 263
80 263
80 271
76 271
76 309
75 309
75 354
77 354
77 403
79 403
79 406
87 406
87 369
95 369
95 371
94 371
94 374
92 374
92 427
111 427
111 407
96 407
96 368
99 368
99 383
109 383
109 376
119 376
119 402
124 402
124 414
126 414
126 431
129 431
129 535
120 535
120 583
125 583
125 629
127 629
127 672
117 672
117 693
114 693
114 709
116 709
116 706
118 706
118 744
123 744
123 778
138 778
138 771
133 771
133 700
132 700
132 677
140 677
140 636
142 636
142 633
151 633
151 613
144 613
144 612
150 612
150 589
149 589
149 569
141 569
141 469
147 469
147 538
160 538
160 588
156 588
156 660
158 660
158 713
164 713
164 584
163 584
163 550
162 550
162 438
186 438
186 464
184 464
184 542
188 542
188 448
198 448
198 456
200 456
200 551
204 551
204 624
211 624
211 563
212 563
212 565
249 565
249 566
246 566
246 611
260 611
260 572
261 572
261 615
232 615
232 654
218 654
218 699
215 699
215 711
216 711
216 819
221 819
221 835
225 835
225 897
214 897
214 890
213 890
213 894
182 894
182 895
174 895
174 988
8 988
8 989
176 989
176 902
187 902
187 929
210 929
210 932
217 932
217 939
223 939
223 924
228 924
228 933
242 933
242 934
236 934
236 938
233 938
233 950
237 950
237 978
238 978
238 983
243 983
243 967
244 967
244 984
208 984
208 990
192 990
192 991
170 991
170 995
167 995
167 997
169 997
169 999
248 999
248 996
270 996
270 994
229 994
229 993
180 993
180 992
258 992
258 987
264 987
264 964
253 964
253 969
245 969
245 923
234 923
234 928
230 928
230 915
190 915
190 904
189 904
189 898
226 898
226 754
220 754
220 691
219 691
219 662
291 662
291 668
284 668
284 724
285 724
285 735
276 735
276 690
272 690
272 710
265 710
265 763
247 763
247 768
240 768
240 786
256 786
256 836
259 836
259 805
266 805
266 840
269 840
269 773
287 773
287 767
268 767
268 757
294 757
294 756
275 756
275 747
281 747
281 745
298 745
298 670
301 670
301 720
300 720
300 783
318 783
318 784
311 784
311 793
323 793
323 825
321 825
321 829
325 829
325 859
327 859
327 795
328 795
328 776
314 776
314 755
312 755
312 775
302 775
302 723
303 723
303 741
305 741
305 739
316 739
316 733
310 733
310 718
304 718
304 696
319 696
319 673
324 673
324 676
326 676
326 671
306 671
306 669
307 669
307 664
296 664
296 661
283 661
283 653
292 653
292 630
257 630
257 638
241 638
241 627
252 627
252 617
299 617
299 616
288 616
288 609
279 609
279 610
262 610
262 595
278 595
278 570
274 570
274 516
293 516
293 504
286 504
286 512
273 512
273 515
251 515
251 518
267 518
267 546
231 546
231 556
224 556
224 562
209 562
209 621
206 621
206 455
203 455
203 426
201 426
201 397
196 397
196 434
161 434
161 460
159 460
159 513
152 513
152 491
148 491
148 458
139 458
139 675
136 675
136 447
135 447
135 468
134 468
134 379
121 379
121 348
91 348
91 304
90 304
90 219
89 219
89 312
88 312
88 282
81 282
81 176
93 176
93 201
106 201
106 213
115 213
115 209
177 209
177 214
194 214
194 222
197 222
197 223
222 223
222 224
250 224
250 216
202 216
202 218
195 218
195 211
178 211
178 210
183 210
183 205
172 205
172 208
137 208
137 206
112 206
112 203
166 203
166 197
332 197
332 196
171 196
171 195
131 195
131 198
103 198
103 200
97 200
97 186
104 186
104 184
154 184
154 193
255 193
255 192
280 192
280 190
155 190
155 188
185 188
185 189
235 189
235 187
193 187
193 183
168 183
168 179
130 179
130 180
108 180
108 182
100 182
100 152
128 152
128 142
102 142
102 113
105 113
105 95
122 95
122 82
143 82
143 112
145 112
145 106
173 106
173 98
181 98
181 96
179 96
179 71
175 71
175 62
254 62
254 58
297 58
297 51
309 51
309 48
313 48
313 47
315 47
315 46
355 46
355 44
442 44
442 64
436 64
436 67
444 67
444 81
432 81
432 78
422 78
422 72
372 72
372 77
363 77
363 107
329 107
329 120
317 120
317 128
320 128
320 174
330 174
330 178
341 178
341 229
343 229
343 486
342 486
342 599
579 599
579 598
546 598
546 592
509 592
509 578
593 578
593 591
635 591
635 602
648 602
648 575
650 575
650 558
664 558
664 548
669 548
669 549
675 549
675 552
705 552
705 553
698 553
698 604
716 604
716 632
715 632
715 641
609 641
609 640
653 640
653 637
586 637
586 645
481 645
481 644
480 644
480 639
405 639
405 635
348 635
348 650
339 650
339 666
351 666
351 695
356 695
356 743
354 743
354 797
353 797
353 765
350 765
350 746
338 746
338 687
337 687
337 680
335 680
335 777
340 777
340 813
357 813
357 684
362 684
362 785
374 785
374 752
365 752
365 748
371 748
371 736
364 736
364 667
370 667
370 655
382 655
382 740
377 740
377 769
376 769
376 815
386 815
386 782
401 782
401 766
411 766
411 857
409 857
409 832
403 832
403 872
379 872
379 873
408 873
408 876
402 876
402 877
391 877
391 884
396 884
396 922
416 922
416 944
421 944
421 966
423 966
423 980
489 980
489 971
476 971
476 958
470 958
470 957
487 957
487 943
459 943
459 905
485 905
485 891
458 891
458 908
457 908
457 937
455 937
455 965
447 965
447 953
440 953
440 918
433 918
433 916
414 916
414 802
419 802
419 796
415 796
415 753
430 753
430 715
431 715
431 712
435 712
435 685
434 685
434 682
418 682
418 717
412 717
412 760
390 760
390 750
385 750
385 658
384 658
384 651
359 651
359 648
453 648
453 656
503 656
503 652
572 652
572 649
468 649
468 647
589 647
589 646
592 646
592 643
701 643
701 642
725 642
725 663
731 663
731 665
721 665
721 692
723 692
723 705
697 705
697 702
582 702
582 701
640 701
640 697
557 697
557 698
524 698
524 686
520 686
520 659
515 659
515 674
510 674
510 694
521 694
521 704
548 704
548 703
574 703
574 708
727 708
727 721
726 721
726 725
683 725
683 727
629 727
629 726
621 726
621 732
602 732
602 731
595 731
595 734
529 734
529 751
528 751
528 764
562 764
562 772
526 772
526 774
491 774
491 821
493 821
493 841
531 841
531 842
561 842
561 839
626 839
626 844
663 844
663 851
537 851
537 856
490 856
490 881
501 881
501 882
505 882
505 870
542 870
542 860
544 860
544 852
688 852
688 853
685 853
685 855
700 855
700 869
737 869
737 893
730 893
730 917
750 917
750 921
753 921
753 925
766 925
766 927
768 927
768 947
642 947
642 946
568 946
568 948
769 948
769 931
785 931
785 942
822 942
822 913
847 913
847 973
832 973
832 954
799 954
799 959
760 959
760 956
771 956
771 952
775 952
775 951
754 951
754 970
796 970
796 972
672 972
672 961
666 961
666 955
665 955
665 960
600 960
600 976
652 976
652 979
839 979
839 977
747 977
747 974
849 974
849 910
855 910
855 940
852 940
852 963
854 963
854 945
856 945
856 962
861 962
861 998
866 998
866 968
871 968
871 901
873 901
873 886
844 886
844 883
826 883
826 899
815 899
815 903
868 903
868 906
805 906
805 907
816 907
816 941
809 941
809 935
798 935
798 911
793 911
793 930
781 930
781 919
774 919
774 900
759 900
759 909
745 909
745 889
739 889
739 867
707 867
707 834
695 834
695 833
842 833
842 827
703 827
703 826
743 826
743 823
783 823
783 811
823 811
823 810
802 810
802 803
780 803
780 804
757 804
757 800
756 800
756 792
755 792
755 820
681 820
681 787
671 787
671 788
674 788
674 830
694 830
694 850
691 850
691 837
588 837
588 838
508 838
508 822
494 822
494 818
533 818
533 809
498 809
498 781
506 781
506 779
512 779
512 790
527 790
527 780
570 780
570 762
564 762
564 759
558 759
558 758
555 758
555 761
554 761
554 742
530 742
530 737
687 737
687 728
709 728
709 730
738 730
738 716
736 716
736 719
732 719
732 634
717 634
717 590
718 590
718 534
761 534
761 537
764 537
764 539
742 539
742 560
751 560
751 600
762 600
762 574
763 574
763 596
772 596
772 593
776 593
776 606
787 606
787 582
788 582
788 579
791 579
791 618
792 618
792 622
800 622
800 626
810 626
810 679
804 679
804 688
811 688
811 631
812 631
812 620
808 620
808 577
803 577
803 619
794 619
794 557
827 557
827 603
831 603
831 608
838 608
838 605
834 605
834 571
835 571
835 555
786 555
786 559
767 559
767 567
765 567
765 544
746 544
746 540
829 540
829 531
790 531
790 529
806 529
806 514
801 514
801 528
662 528
662 524
661 524
661 522
567 522
567 519
464 519
464 432
465 432
465 408
473 408
473 422
483 422
483 419
484 419
484 413
486 413
486 411
479 411
479 415
477 415
477 300
475 300
475 405
467 405
467 331
466 331
466 320
460 320
460 292
456 292
456 249
426 249
426 239
388 239
388 225
383 225
383 234
380 234
380 307
378 307
378 335
375 335
375 352
381 352
381 243
406 243
406 358
395 358
395 443
394 443
394 363
387 363
387 420
389 420
389 517
393 517
393 451
399 451
399 409
404 409
404 484
397 484
397 523
400 523
400 511
410 511
410 505
413 505
413 476
424 476
424 466
420 466
420 392
407 392
407 251
450 251
450 482
443 482
443 502
448 502
448 527
451 527
451 299
454 299
454 412
461 412
461 370
463 370
463 520
514 520
514 525
657 525
657 526
511 526
511 530
770 530
770 532
758 532
758 533
714 533
714 587
706 587
706 547
658 547
658 541
617 541
617 545
623 545
623 561
636 561
636 564
641 564
641 573
541 573
541 576
499 576
499 585
496 585
496 581
471 581
471 597
367 597
367 594
360 594
360 554
361 554
361 536
344 536
344 457
345 457
345 435
346 435
346 386
347 386
347 170
336 170
336 153
334 153
334 138
417 138
417 134
478 134
478 141
437 141
437 144
429 144
429 143
425 143
425 149
398 149
398 150
644 150
644 158
622 158
622 154
560 154
560 159
469 159
469 160
571 160
571 166
534 166
534 171
539 171
539 173
590 173
590 167
591 167
591 161
631 161
631 169
670 169
670 172
673 172
673 324
580 324
580 288
587 288
587 276
576 276
576 308
566 308
566 289
545 289
545 316
538 316
538 267
535 267
535 321
556 321
556 303
559 303
559 325
551 325
551 382
536 382
536 399
540 399
540 401
550 401
550 387
552 387
552 381
563 381
563 388
565 388
565 373
569 373
569 326
599 326
599 338
585 338
585 364
628 364
628 367
689 367
689 372
686 372
686 375
684 375
684 378
699 378
699 395
704 395
704 404
722 404
722 398
712 398
712 396
748 396
748 449
735 449
735 453
734 453
734 450
667 450
667 472
643 472
643 470
615 470
615 471
583 471
583 440
610 440
610 441
659 441
659 417
655 417
655 428
639 428
639 421
620 421
620 430
651 430
651 433
584 433
584 424
578 424
578 474
607 474
607 477
632 477
632 479
656 479
656 483
676 483
676 496
710 496
710 497
777 497
777 495
680 495
680 480
696 480
696 461
693 461
693 454
864 454
864 425
872 425
872 487
867 487
867 465
860 465
860 489
858 489
858 509
863 509
863 501
865 501
865 492
869 492
869 488
874 488
874 418
853 418
853 423
851 423
851 446
837 446
837 436
807 436
807 437
819 437
819 442
778 442
778 444
836 444
836 452
749 452
749 393
724 393
724 366
733 366
733 385
744 385
744 361
729 361
729 360
702 360
702 365
638 365
638 359
603 359
603 342
601 342
601 327
612 327
612 330
604 330
604 337
616 337
616 345
692 345
692 344
830 344
830 269
840 269
840 294
833 294
833 298
845 298
845 306
846 306
846 305
850 305
850 286
857 286
857 266
848 266
848 261
878 261
878 262
880 262
880 380
881 380
881 416
883 416
883 490
903 490
903 493
899 493
899 494
875 494
875 503
901 503
901 499
909 499
909 429
912 429
912 410
914 410
914 384
910 384
910 400
907 400
907 377
905 377
905 475
904 475
904 233
915 233
915 227
906 227
906 220
922 220
922 323
926 323
926 313
938 313
938 287
941 287
941 317
945 317
945 332
937 332
937 349
939 349
939 353
940 353
940 343
959 343
959 355
956 355
956 362
951 362
951 478
960 478
960 506
954 506
954 580
953 580
953 749
955 749
955 689
957 689
957 738
962 738
962 334
966 334
966 329
961 329
961 328
971 328
971 543
973 543
973 498
979 498
979 657
980 657
980 707
981 707
981 722
985 722
985 807
984 807
984 801
958 801
958 806
946 806
946 808
972 808
972 812
969 812
969 843
964 843
964 845
944 845
944 858
947 858
947 866
950 866
950 874
995 874
995 885
997 885
997 986
999 986
999 985
998 985
998 871
989 871
989 865
963 865
963 862
949 862
949 848
965 848
965 854
970 854
970 846
977 846
977 817
978 817
978 831
996 831
996 828
987 828
987 824
990 824
990 770
986 770
986 678
994 678
994 623
982 623
982 614
983 614
983 500
992 500
992 481
991 481
991 462
993 462
993 459
975 459
975 467
974 467
974 391
976 391
976 350
988 350
988 322
968 322
968 302
967 302
967 281
948 281
948 285
952 285
952 311
943 311
943 291
942 291
942 279
936 279
936 310
929 310
929 293
935 293
935 259
934 259
934 237
933 237
933 226
932 226
932 245
931 245
931 284
930 284
930 255
927 255
927 238
925 238
925 274
928 274
928 280
924 280
924 256
923 256
923 215
900 215
900 175
920 175
920 155
921 155
921 86
919 86
919 21
917 21
917 108
916 108
916 156
913 156
913 0
911 0
911 101
908 101
908 163
918 163
918 164
893 164
893 135
890 135
890 140
882 140
882 217
879 217
879 202
877 202
877 207
876 207
876 228
891 228
891 212
886 212
886 191
887 191
887 204
894 204
894 194
895 194
895 181
898 181
898 221
902 221
902 439
897 439
897 346
896 346
896 485
884 485
884 356
889 356
889 351
892 351
892 319
888 319
888 315
885 315
885 250
843 250
843 247
862 247
862 242
859 242
859 241
870 241
870 235
841 235
841 246
828 246
828 339
825 339
825 240
784 240
784 257
752 257
752 258
797 258
797 254
813 254
813 264
741 264
741 231
720 231
720 244
728 244
728 252
708 252
708 277
711 277
711 283
713 283
713 296
719 296
719 253
740 253
740 265
773 265
773 272
817 272
817 268
818 268
818 295
779 295
779 314
795 314
795 297
820 297
820 260
814 260
814 248
821 248
821 273
824 273
824 336
782 336
782 340
789 340
789 341
618 341
618 333
677 333
677 232
678 232
678 185
679 185
679 177
682 177
682 162
660 162
660 148
613 148
613 147
482 147
482 136
513 136
513 137
549 137
549 145
575 145
575 131
553 131
553 129
497 129
497 133
474 133
474 126
634 126
634 122
646 122
646 121
690 121
690 119
630 119
630 111
625 111
625 80
637 80
637 39
645 39
645 33
647 33
647 37
654 37
654 25
668 25
668 23
627 23
627 30
605 30
605 54
606 54
606 59
614 59
614 56
624 56
624 83
598 83
598 92
611 92
611 103
619 103
619 123
633 123
633 125
502 125
502 124
472 124
472 130
333 130
333 168
331 168
331 114
349 114
349 117
368 117
368 116
518 116
518 97
525 97
525 76
573 76
573 75
596 75
596 68
594 68
594 70
532 70
532 52
547 52
547 11
649 11
649 9
597 9
597 7
608 7
608 4
581 4
581 1
577 1
577 8
543 8
543 49
519 49
519 79
507 79
507 94
504 94
504 24
523 24
523 17
517 17
517 12
522 12
522 2
516 2
516 14
500 14
500 32
492 32
492 104
495 104
495 115
369 115
369 91
366 91
366 90
392 90
392 99
439 99
439 100
438 100
438 109
488 109
488 102
441 102
441 93
462 93
462 89
428 89
428 87
427 87
427 84
452 84
452 73
449 73
449 69
446 69
446 65
445 65
445 42
373 42
373 36
358 36
358 40
352 40
352 45
308 45
308 35
322 35
322 16
282 16
282 18
271 18
271 20
263 20
263 31
277 31
277 28
295 28
295 34
290 34
290 50
289 50
289 53
207 53
207 26
205 26
205 19
199 19
199 22
191 22
191 57
227 57
227 60
239 60
239 61
157 61
157 66
153 66
153 105
146 105
146 41
110 41
110 15
165 15
165 13
113 13
113 6
107 6
107 74
101 74
101 5
98 5
98 165
85 165
85 151
84 151
84 157
74 157
74 146
86 146
86 139
83 139
83 127
82 127
82 132
73 132
73 38
71 38
71 27
34 27
34 29
31 29
31 43
26 43
26 10
60 10
60 3
23 3
23 85
28 85
28 118
32 118
32 55
51 55
51 63
66 63
66 110
69 110
69 88
72 88
72 199
78 199
78 230
61 230
61 278
58 278
58 270
56 270
56 347
49 347
49 390
48 390
48 394
43 394
43 473
44 473
44 568
42 568
42 463
39 463
39 508
25 508
25 510
41 510
41 607
38 607
38 683
21 683
21 714
22 714
22 794
30 794
30 814
40 814
40 791
24 791
24 729
45 729
45 625
50 625
50 628
52 628
52 816
16 816
16 847
13 847
13 799
15 799
15 789
14 789
14 798
12 798
12 861
10 861
10 863
33 863
33 875
29 875
29 878
9 878
9 926
7 926
7 914
6 914
6 949
3 949
3 912
5 912
5 892
4 892
4 880
