800
0 241
0 246
4 246
4 164
6 164
6 207
7 207
7 225
10 225
10 202
11 202
11 116
13 116
13 118
18 118
18 121
19 121
19 230
15 230
15 272
14 272
14 309
12 309
12 346
17 346
17 359
22 359
22 248
23 248
23 386
29 386
29 383
27 383
27 382
26 382
26 296
24 296
24 271
30 271
30 265
25 265
25 236
16 236
16 232
31 232
31 135
32 135
32 395
34 395
34 372
35 372
35 399
37 399
37 307
38 307
38 298
39 298
39 261
36 261
36 229
33 229
33 201
40 201
40 305
43 305
43 312
44 312
44 314
45 314
45 278
42 278
42 221
41 221
41 154
47 154
47 294
48 294
48 317
51 317
51 291
52 291
52 169
49 169
49 132
61 132
61 224
62 224
62 250
56 250
56 280
59 280
59 269
63 269
63 206
67 206
67 215
68 215
68 216
69 216
69 223
73 223
73 252
76 252
76 398
81 398
81 396
80 396
80 222
78 222
78 185
84 185
84 110
132 110
132 111
154 111
154 120
163 120
163 119
211 119
211 113
212 113
212 136
208 136
208 134
203 134
203 142
213 142
213 145
197 145
197 191
202 191
202 205
204 205
204 209
209 209
209 219
214 219
214 235
216 235
216 220
220 220
220 190
206 190
206 184
198 184
198 175
210 175
210 171
237 171
237 177
228 177
228 196
233 196
233 187
244 187
244 200
249 200
249 274
239 274
239 255
246 255
246 213
232 213
232 263
226 263
226 240
224 240
224 256
225 256
225 323
235 323
235 341
285 341
285 345
282 345
282 361
270 361
270 364
278 364
278 371
273 371
273 375
240 375
240 379
250 379
250 385
215 385
215 384
199 384
199 387
172 387
172 377
174 377
174 380
187 380
187 376
179 376
179 354
156 354
156 347
147 347
147 342
145 342
145 337
165 337
165 343
173 343
173 329
195 329
195 297
194 297
194 262
193 262
193 198
185 198
185 192
191 192
191 188
183 188
183 199
188 199
188 217
182 217
182 211
176 211
176 234
189 234
189 233
190 233
190 212
192 212
192 327
175 327
175 311
177 311
177 310
168 310
168 304
166 304
166 313
153 313
153 319
155 319
155 320
162 320
162 318
171 318
171 330
164 330
164 324
138 324
138 279
135 279
135 322
134 322
134 325
137 325
137 328
144 328
144 331
148 331
148 335
142 335
142 352
141 352
141 348
126 348
126 356
136 356
136 362
140 362
140 365
124 365
124 290
131 290
131 287
130 287
130 283
127 283
127 247
122 247
122 242
116 242
116 245
102 245
102 249
113 249
113 264
106 264
106 286
100 286
100 340
96 340
96 358
94 358
94 315
90 315
90 316
89 316
89 357
92 357
92 370
91 370
91 378
87 378
87 381
93 381
93 373
99 373
99 367
98 367
98 344
108 344
108 326
109 326
109 306
111 306
111 275
121 275
121 277
123 277
123 369
151 369
151 360
170 360
170 389
266 389
266 393
286 393
286 333
289 333
289 374
291 374
291 397
292 397
292 334
309 334
309 355
313 355
313 394
339 394
339 392
331 392
331 388
316 388
316 363
336 363
336 366
349 366
349 368
352 368
352 390
354 390
354 391
360 391
360 353
345 353
345 350
342 350
342 338
338 338
338 336
332 336
332 349
334 349
334 351
322 351
322 332
271 332
271 339
242 339
242 321
227 321
227 270
229 270
229 281
241 281
241 301
256 301
256 300
321 300
321 295
314 295
314 292
299 292
299 268
304 268
304 267
320 267
320 266
340 266
340 260
359 260
359 251
363 251
363 226
362 226
362 228
358 228
358 254
357 254
357 253
295 253
295 243
341 243
341 237
318 237
318 238
302 238
302 239
293 239
293 257
323 257
323 259
298 259
298 284
297 284
297 285
276 285
276 299
243 299
243 276
252 276
252 288
255 288
255 244
254 244
254 273
253 273
253 182
247 182
247 168
274 168
274 176
275 176
275 189
279 189
279 197
301 197
301 195
317 195
317 186
327 186
327 180
372 180
372 227
371 227
371 231
376 231
376 214
375 214
375 208
374 208
374 173
373 173
373 179
303 179
303 194
280 194
280 178
287 178
287 172
384 172
384 183
385 183
385 258
383 258
383 282
378 282
378 302
381 302
381 308
387 308
387 303
382 303
382 293
380 293
380 289
386 289
386 170
377 170
377 163
369 163
369 158
234 158
234 156
272 156
272 153
311 153
311 152
269 152
269 151
361 151
361 150
300 150
300 149
325 149
325 148
260 148
260 155
231 155
231 159
262 159
262 160
367 160
367 161
343 161
343 162
364 162
364 166
219 166
219 167
207 167
207 147
223 147
223 143
218 143
218 133
248 133
248 127
251 127
251 137
258 137
258 141
268 141
268 144
308 144
308 146
310 146
310 140
296 140
296 139
264 139
264 131
257 131
257 128
348 128
348 125
290 125
290 124
222 124
222 115
230 115
230 114
368 114
368 112
158 112
158 107
161 107
161 106
146 106
146 109
71 109
71 117
65 117
65 130
74 130
74 157
83 157
83 165
72 165
72 181
70 181
70 193
66 193
66 203
64 203
64 122
57 122
57 126
50 126
50 129
28 129
28 174
21 174
21 204
20 204
20 104
46 104
46 105
77 105
77 101
236 101
236 102
267 102
267 100
305 100
305 95
259 95
259 97
178 97
178 87
169 87
169 96
167 96
167 82
180 82
180 92
217 92
217 85
263 85
263 89
326 89
326 99
328 99
328 98
344 98
344 84
221 84
221 77
200 77
200 67
205 67
205 71
238 71
238 70
315 70
315 69
330 69
330 72
346 72
346 65
347 65
347 61
329 61
329 55
319 55
319 62
307 62
307 54
355 54
355 33
353 33
353 32
356 32
356 31
370 31
370 44
365 44
365 53
388 53
388 41
392 41
392 17
393 17
393 11
396 11
396 10
397 10
397 1
398 1
398 2
399 2
399 0
395 0
395 3
394 3
394 5
390 5
390 7
389 7
389 13
391 13
391 30
379 30
379 25
366 25
366 23
337 23
337 22
333 22
333 24
288 24
288 16
335 16
335 15
312 15
312 12
283 12
283 18
284 18
284 26
306 26
306 28
324 28
324 29
265 29
265 6
261 6
261 35
350 35
350 38
351 38
351 49
294 49
294 68
245 68
245 66
201 66
201 63
281 63
281 56
277 56
277 60
196 60
196 76
186 76
186 83
184 83
184 81
181 81
181 74
152 74
152 79
117 79
117 78
128 78
128 48
139 48
139 45
160 45
160 42
159 42
159 34
150 34
150 21
143 21
143 36
129 36
129 9
157 9
157 8
133 8
133 4
125 4
125 73
120 73
120 39
119 39
119 58
115 58
115 47
118 47
118 14
112 14
112 20
104 20
104 27
110 27
110 37
114 37
114 52
105 52
105 46
103 46
103 40
101 40
101 75
107 75
107 80
149 80
149 94
88 94
88 86
97 86
97 19
95 19
95 50
86 50
86 57
82 57
82 64
79 64
79 88
85 88
85 91
75 91
75 43
60 43
60 51
55 51
55 59
58 59
58 90
54 90
54 93
53 93
53 103
9 103
9 108
8 108
8 123
5 123
5 138
3 138
3 210
2 210
2 218
1 218
1 241
