900
0 433
0 447
1 447
1 448
7 448
7 420
9 420
9 143
10 143
10 445
26 445
26 435
27 435
27 444
31 444
31 443
33 443
33 436
38 436
38 403
47 403
47 449
50 449
50 446
48 446
48 399
37 399
37 383
56 383
56 381
102 381
102 380
112 380
112 379
121 379
121 377
218 377
218 375
229 375
229 372
221 372
221 342
268 342
268 341
327 341
327 347
323 347
323 351
288 351
288 350
283 350
283 352
369 352
369 355
284 355
284 356
324 356
324 361
317 361
317 391
203 391
203 397
182 397
182 389
172 389
172 387
166 387
166 393
167 393
167 394
136 394
136 401
128 401
128 405
118 405
118 388
105 388
105 406
254 406
254 407
104 407
104 438
123 438
123 439
120 439
120 440
138 440
138 442
195 442
195 441
171 441
171 437
140 437
140 434
107 434
107 419
130 419
130 413
158 413
158 422
173 422
173 417
237 417
237 421
303 421
303 424
279 424
279 425
276 425
276 427
274 427
274 426
267 426
267 428
259 428
259 429
194 429
194 431
345 431
345 430
363 430
363 423
307 423
307 418
338 418
338 416
385 416
385 415
174 415
174 414
189 414
189 412
225 412
225 410
175 410
175 408
236 408
236 411
247 411
247 409
334 409
334 400
322 400
322 404
134 404
134 402
169 402
169 398
210 398
210 396
206 396
206 392
370 392
370 386
350 386
350 382
344 382
344 385
336 385
336 390
335 390
335 384
325 384
325 373
375 373
375 336
378 336
378 331
374 331
374 328
432 328
432 339
415 339
415 357
416 357
416 362
425 362
425 368
434 368
434 395
435 395
435 325
424 325
424 322
391 322
391 321
392 321
392 312
443 312
443 305
442 305
442 303
407 303
407 300
360 300
360 290
358 290
358 289
314 289
314 299
296 299
296 294
223 294
223 291
231 291
231 286
205 286
205 293
193 293
193 295
207 295
207 297
286 297
286 301
282 301
282 304
315 304
315 306
387 306
387 310
261 310
261 315
273 315
273 317
270 317
270 318
340 318
340 314
386 314
386 323
266 323
266 326
354 326
354 348
341 348
341 337
292 337
292 334
235 334
235 335
184 335
184 340
202 340
202 343
199 343
199 344
198 344
198 346
217 346
217 353
220 353
220 365
183 365
183 369
215 369
215 370
212 370
212 371
155 371
155 364
177 364
177 360
133 360
133 358
131 358
131 374
51 374
51 376
97 376
97 378
43 378
43 367
35 367
35 366
46 366
46 363
78 363
78 309
70 309
70 308
79 308
79 330
81 330
81 313
86 313
86 338
83 338
83 354
88 354
88 324
100 324
100 332
95 332
95 345
109 345
109 327
116 327
116 311
113 311
113 284
278 284
278 285
328 285
328 283
110 283
110 307
106 307
106 320
94 320
94 292
84 292
84 288
62 288
62 280
71 280
71 275
57 275
57 274
82 274
82 281
162 281
162 279
371 279
371 276
396 276
396 272
408 272
408 269
444 269
444 253
440 253
440 257
437 257
437 255
427 255
427 263
404 263
404 256
394 256
394 266
367 266
367 267
362 267
362 271
361 271
361 270
359 270
359 268
351 268
351 278
157 278
157 277
99 277
99 264
164 264
164 273
170 273
170 262
300 262
300 260
332 260
332 258
302 258
302 259
250 259
250 261
61 261
61 265
52 265
52 282
49 282
49 296
68 296
68 298
54 298
54 316
64 316
64 302
69 302
69 349
65 349
65 359
34 359
34 432
15 432
15 329
13 329
13 236
16 236
16 211
17 211
17 154
25 154
25 176
115 176
115 177
42 177
42 178
22 178
22 180
80 180
80 182
185 182
185 186
72 186
72 196
67 196
67 233
73 233
73 231
74 231
74 210
90 210
90 248
75 248
75 249
119 249
119 247
98 247
98 238
91 238
91 194
114 194
114 224
108 224
108 242
117 242
117 234
122 234
122 198
139 198
139 220
141 220
141 187
143 187
143 246
144 246
144 250
156 250
156 252
160 252
160 245
165 245
165 214
181 214
181 213
230 213
230 207
272 207
272 206
275 206
275 221
258 221
258 225
246 225
246 227
289 227
289 235
290 235
290 215
297 215
297 226
306 226
306 219
318 219
318 218
304 218
304 212
321 212
321 208
281 208
281 203
390 203
390 204
393 204
393 200
438 200
438 216
418 216
418 222
421 222
421 223
397 223
397 230
412 230
412 232
402 232
402 241
422 241
422 237
426 237
426 239
423 239
423 251
439 251
439 244
429 244
429 240
436 240
436 217
445 217
445 199
433 199
433 197
260 197
260 195
228 195
228 201
326 201
326 202
280 202
280 205
227 205
227 209
149 209
149 243
147 243
147 229
146 229
146 228
145 228
145 191
187 191
187 193
232 193
232 192
245 192
245 190
312 190
312 184
316 184
316 181
262 181
262 166
373 166
373 168
356 168
356 179
383 179
383 171
410 171
410 169
403 169
403 164
349 164
349 161
405 161
405 160
320 160
320 163
313 163
313 156
309 156
309 159
298 159
298 162
287 162
287 147
342 147
342 152
346 152
346 151
347 151
347 149
372 149
372 144
265 144
265 132
291 132
291 131
293 131
293 137
381 137
381 142
389 142
389 134
395 134
395 141
398 141
398 128
384 128
384 133
377 133
377 123
294 123
294 122
263 122
263 121
251 121
251 116
277 116
277 110
305 110
305 111
382 111
382 107
343 107
343 106
295 106
295 109
243 109
243 112
224 112
224 127
222 127
222 105
219 105
219 94
196 94
196 100
152 100
152 71
132 71
132 63
163 63
163 68
154 68
154 85
333 85
333 86
255 86
255 87
301 87
301 88
352 88
352 83
176 83
176 77
355 77
355 80
364 80
364 91
379 91
379 89
411 89
411 92
414 92
414 82
447 82
447 73
430 73
430 81
419 81
419 78
420 78
420 65
409 65
409 76
161 76
161 75
178 75
178 67
180 67
180 44
249 44
249 46
213 46
213 47
329 47
329 52
330 52
330 48
388 48
388 37
368 37
368 35
380 35
380 19
376 19
376 5
406 5
406 7
413 7
413 8
399 8
399 29
417 29
417 28
431 28
431 22
428 22
428 14
449 14
449 3
448 3
448 1
446 1
446 12
401 12
401 11
441 11
441 4
400 4
400 2
366 2
366 6
357 6
357 25
353 25
353 15
348 15
348 24
339 24
339 26
365 26
365 42
337 42
337 17
308 17
308 18
253 18
253 30
248 30
248 20
239 20
239 9
234 9
234 31
211 31
211 13
208 13
208 0
201 0
201 23
191 23
191 10
190 10
190 16
188 16
188 27
159 27
159 34
186 34
186 38
299 38
299 33
244 33
244 32
264 32
264 21
331 21
331 41
319 41
319 40
310 40
310 43
168 43
168 45
153 45
153 58
150 58
150 51
148 51
148 59
135 59
135 60
127 60
127 64
126 64
126 93
129 93
129 84
137 84
137 90
151 90
151 102
179 102
179 101
197 101
197 97
216 97
216 138
226 138
226 114
233 114
233 113
238 113
238 139
214 139
214 140
240 140
240 130
242 130
242 124
311 124
311 129
252 129
252 145
285 145
285 150
271 150
271 165
269 165
269 146
256 146
256 153
257 153
257 188
241 188
241 189
209 189
209 185
204 185
204 183
200 183
200 172
192 172
192 173
142 173
142 174
124 174
124 155
101 155
101 158
87 158
87 167
32 167
32 170
111 170
111 175
30 175
30 126
44 126
44 120
19 120
19 108
24 108
24 119
53 119
53 115
77 115
77 117
58 117
58 125
60 125
60 118
89 118
89 135
92 135
92 148
93 148
93 98
59 98
59 95
21 95
21 96
28 96
28 103
85 103
85 104
20 104
20 66
23 66
23 72
76 72
76 74
125 74
125 70
41 70
41 69
39 69
39 57
40 57
40 56
45 56
45 55
103 55
103 39
96 39
96 36
63 36
63 50
55 50
55 49
29 49
29 53
66 53
66 54
36 54
36 61
18 61
18 99
14 99
14 79
12 79
12 62
11 62
11 136
6 136
6 157
3 157
3 254
4 254
4 287
5 287
5 319
8 319
8 333
2 333
2 433
