600
0 2
0 4
3 4
3 6
60 6
60 10
59 10
59 8
48 8
48 11
8 11
8 7
5 7
5 9
1 9
1 12
70 12
70 5
81 5
81 38
84 38
84 43
83 43
83 45
77 45
77 137
76 137
76 207
75 207
75 180
74 180
74 225
73 225
73 187
69 187
69 164
41 164
41 161
43 161
43 144
72 144
72 128
57 128
57 120
56 120
56 112
63 112
63 102
54 102
54 139
44 139
44 116
42 116
42 113
53 113
53 66
29 66
29 68
27 68
27 71
10 71
10 70
2 70
2 78
4 78
4 79
13 79
13 84
20 84
20 76
26 76
26 138
35 138
35 204
36 204
36 110
28 110
28 69
38 69
38 73
47 73
47 74
51 74
51 107
37 107
37 229
34 229
34 219
32 219
32 211
25 211
25 159
21 159
21 177
19 177
19 155
16 155
16 206
15 206
15 212
18 212
18 241
14 241
14 243
23 243
23 242
24 242
24 217
30 217
30 221
33 221
33 247
7 247
7 256
17 256
17 260
9 260
9 274
22 274
22 257
31 257
31 249
45 249
45 245
39 245
39 239
40 239
40 227
50 227
50 205
46 205
46 199
55 199
55 209
61 209
61 198
58 198
58 191
52 191
52 168
49 168
49 166
66 166
66 167
68 167
68 173
62 173
62 195
64 195
64 200
65 200
65 252
67 252
67 253
71 253
71 254
79 254
79 193
80 193
80 174
78 174
78 80
89 80
89 58
91 58
91 50
87 50
87 41
85 41
85 33
108 33
108 55
101 55
101 77
100 77
100 82
107 82
107 86
106 86
106 87
102 87
102 123
104 123
104 122
105 122
105 114
109 114
109 210
99 210
99 56
95 56
95 105
93 105
93 108
92 108
92 201
94 201
94 132
96 132
96 150
98 150
98 186
97 186
97 233
110 233
110 93
111 93
111 124
112 124
112 152
115 152
115 156
124 156
124 170
119 170
119 188
120 188
120 214
121 214
121 284
122 284
122 293
129 293
129 295
135 295
135 275
123 275
123 197
128 197
128 160
127 160
127 176
125 176
125 140
117 140
117 89
113 89
113 59
114 59
114 52
118 52
118 67
136 67
136 133
137 133
137 42
134 42
134 63
132 63
132 51
133 51
133 16
168 16
168 21
140 21
140 95
139 95
139 117
141 117
141 62
142 62
142 54
147 54
147 100
145 100
145 130
144 130
144 149
143 149
143 181
146 181
146 222
149 222
149 72
148 72
148 27
150 27
150 196
151 196
151 223
152 223
152 101
153 101
153 226
154 226
154 296
156 296
156 286
155 286
155 88
157 88
157 271
158 271
158 36
159 36
159 39
160 39
160 23
163 23
163 37
161 37
161 106
164 106
164 129
166 129
166 115
167 115
167 111
171 111
171 278
172 278
172 250
175 250
175 134
176 134
176 141
189 141
189 142
191 142
191 148
192 148
192 154
185 154
185 171
186 171
186 190
187 190
187 157
195 157
195 172
199 172
199 162
202 162
202 158
197 158
197 136
203 136
203 118
206 118
206 109
221 109
221 135
219 135
219 208
222 208
222 163
224 163
224 185
226 185
226 235
228 235
228 266
211 266
211 268
205 268
205 277
207 277
207 298
200 298
200 283
193 283
193 276
188 276
188 297
190 297
190 299
213 299
213 292
212 292
212 291
215 291
215 289
210 289
210 280
233 280
233 234
231 234
231 230
227 230
227 202
230 202
230 192
229 192
229 145
223 145
223 125
225 125
225 119
234 119
234 178
236 178
236 288
252 288
252 282
242 282
242 273
253 273
253 184
250 184
250 165
263 165
263 179
267 179
267 194
264 194
264 183
257 183
257 189
261 189
261 231
258 231
258 279
259 279
259 285
260 285
260 258
265 258
265 251
270 251
270 248
271 248
271 232
273 232
273 236
284 236
284 270
283 270
283 237
276 237
276 244
281 244
281 290
293 290
293 294
294 294
294 287
287 287
287 263
288 263
288 281
290 281
290 272
291 272
291 269
292 269
292 265
298 265
298 261
297 261
297 240
296 240
296 238
295 238
295 259
285 259
285 220
282 220
282 228
280 228
280 224
277 224
277 216
268 216
268 246
262 246
262 203
269 203
269 151
266 151
266 147
255 147
255 146
254 146
254 153
249 153
249 262
248 262
248 215
246 215
246 264
247 264
247 267
237 267
237 255
238 255
238 218
240 218
240 213
244 213
244 182
241 182
241 175
245 175
245 169
243 169
243 143
239 143
239 65
279 65
279 25
299 25
299 24
289 24
289 17
286 17
286 19
256 19
256 13
251 13
251 20
274 20
274 28
275 28
275 47
278 47
278 57
272 57
272 61
232 61
232 91
235 91
235 104
218 104
218 97
217 97
217 90
220 90
220 49
214 49
214 48
209 48
209 53
216 53
216 81
204 81
204 83
194 83
194 92
184 92
184 94
183 94
183 98
196 98
196 85
208 85
208 96
198 96
198 103
201 103
201 126
180 126
180 131
179 131
179 127
178 127
178 121
173 121
173 99
162 99
162 75
170 75
170 64
165 64
165 35
177 35
177 44
182 44
182 34
181 34
181 30
174 30
174 22
169 22
169 15
138 15
138 14
131 14
131 40
130 40
130 60
126 60
126 46
116 46
116 32
103 32
103 31
90 31
90 26
88 26
88 18
86 18
86 29
82 29
82 3
12 3
12 1
11 1
11 0
6 0
6 2
